,open_time,o,h,l,c,v,close_time,qav,num_trades,taker_base_vol,taker_quote_vol,ignore
2021-02-19 00:59:59.999,1613710800000,51166.29000000,51567.26000000,51166.29000000,51524.05000000,2079.78925000,1613714399999,106871810.17193274,58451,1079.43239300,55471459.87239495,0
2021-02-19 01:59:59.999,1613714400000,51524.06000000,51822.96000000,51517.16000000,51734.88000000,2693.88085800,1613717999999,139210203.26247520,98332,1411.00572300,72920017.03868398,0
2021-02-19 02:59:59.999,1613718000000,51734.87000000,51894.77000000,51654.57000000,51727.08000000,2224.77573300,1613721599999,115164269.58954758,90363,1170.60600200,60593865.41858441,0
2021-02-19 03:59:59.999,1613721600000,51727.09000000,52293.77000000,51649.82000000,52236.31000000,2775.40234700,1613725199999,144118630.72947438,112827,1599.56171400,83091994.11254978,0
2021-02-19 04:59:59.999,1613725200000,52236.31000000,52965.31000000,52218.62000000,52690.70000000,5901.16645800,1613728799999,310796784.20453511,149725,3320.32334000,174853654.51923500,0
2021-02-19 05:59:59.999,1613728800000,52690.75000000,52984.99000000,52625.00000000,52687.60000000,2635.22912700,1613732399999,139156643.20101719,89427,1364.59362200,72066017.08383998,0
2021-02-19 06:59:59.999,1613732400000,52685.98000000,52863.19000000,52485.95000000,52710.00000000,2380.09901500,1613735999999,125517764.46963318,77057,1208.92392000,63759654.75650406,0
2021-02-19 07:59:59.999,1613736000000,52709.99000000,52729.75000000,52400.09000000,52534.75000000,2360.66813300,1613739599999,124206180.92702526,103686,1155.50898000,60803591.81707465,0
2021-02-19 08:59:59.999,1613739600000,52534.76000000,52850.00000000,52315.37000000,52800.04000000,2831.21696500,1613743199999,148967037.12173166,85835,1444.86362700,76032822.29639958,0
2021-02-19 09:59:59.999,1613743200000,52800.03000000,53280.00000000,52653.93000000,52890.00000000,3789.65655000,1613746799999,200676344.41197990,104574,1912.94928500,101312292.85425075,0
2021-02-19 10:59:59.999,1613746800000,52877.10000000,53886.07000000,52810.11000000,53863.19000000,5187.73271900,1613750399999,277195452.06437244,123877,2656.18740200,141945314.86494440,0
2021-02-19 11:59:59.999,1613750400000,53863.82000000,54850.00000000,53605.58000000,54368.65000000,6521.08734300,1613753999999,353986874.90433082,156593,3288.78566800,178412524.08597555,0
2021-02-19 12:59:59.999,1613754000000,54368.61000000,54766.34000000,54054.00000000,54765.49000000,2446.44460700,1613757599999,133286273.95126311,75913,1177.15246600,64134875.67038222,0
2021-02-19 13:59:59.999,1613757600000,54765.50000000,55435.96000000,54525.11000000,55384.46000000,2849.83242300,1613761199999,156724151.03477345,69618,1641.45848500,90288653.98634405,0
2021-02-19 14:59:59.999,1613761200000,55384.46000000,55843.78000000,54583.95000000,54990.01000000,5529.09411400,1613764799999,304068964.59181108,146628,3009.86819600,165517149.87116405,0
2021-02-19 15:59:59.999,1613764800000,54994.85000000,55698.16000000,54800.00000000,55348.33000000,3733.04848500,1613768399999,206292559.74413172,115558,1851.22754800,102289448.68597726,0
2021-02-19 16:59:59.999,1613768400000,55345.17000000,56368.00000000,55304.52000000,55651.16000000,5011.99036400,1613771999999,280151757.43058394,146559,2540.36048100,142019526.27173952,0
2021-02-19 17:59:59.999,1613772000000,55651.16000000,55767.29000000,55130.00000000,55426.40000000,3226.95406900,1613775599999,178971150.41723793,99522,1480.46710800,82104873.17686108,0
2021-02-19 18:59:59.999,1613775600000,55426.40000000,55950.00000000,55330.00000000,55906.00000000,2542.97653700,1613779199999,141663668.58837266,76548,1239.09552300,69024646.06593565,0
2021-02-19 19:59:59.999,1613779200000,55906.00000000,56500.00000000,55322.00000000,56226.73000000,5639.85206300,1613782799999,315580909.79922147,139690,2957.74432200,165522858.02641096,0
2021-02-19 20:59:59.999,1613782800000,56223.44000000,56609.14000000,55946.27000000,56179.17000000,3867.21968100,1613786399999,217600207.67930692,110107,1956.80718900,110112112.46941631,0
2021-02-19 21:59:59.999,1613786400000,56179.16000000,56395.00000000,55959.41000000,56143.46000000,2927.80920200,1613789999999,164594593.35020089,101379,1367.09183000,76865833.70079412,0
2021-02-19 22:59:59.999,1613790000000,56143.46000000,56250.00000000,55481.38000000,55706.07000000,2837.35212900,1613793599999,158565110.54746008,107593,1399.96603400,78247337.88213564,0
2021-02-19 23:59:59.999,1613793600000,55711.90000000,56144.87000000,55511.00000000,55815.19000000,1943.94171300,1613797199999,108608963.33222419,61115,971.01848200,54257440.03207530,0
2021-02-20 00:59:59.999,1613797200000,55815.19000000,55952.18000000,55555.55000000,55675.43000000,1876.99088600,1613800799999,104616251.66430172,94387,842.85798600,46985070.93292468,0
2021-02-20 01:59:59.999,1613800800000,55675.44000000,55952.88000000,55580.00000000,55937.12000000,1688.23270000,1613804399999,94196751.80932634,60030,858.00379800,47874150.83791051,0
2021-02-20 02:59:59.999,1613804400000,55937.02000000,55967.14000000,55185.98000000,55207.92000000,3179.75022900,1613807999999,176654915.35822290,83321,1482.63226400,82383749.90358093,0
2021-02-20 03:59:59.999,1613808000000,55207.93000000,55674.68000000,55185.16000000,55236.53000000,2266.72007200,1613811599999,125623432.56659793,123216,1109.72949900,61506912.30132833,0
2021-02-20 04:59:59.999,1613811600000,55236.54000000,55525.00000000,55030.00000000,55252.40000000,2534.56658600,1613815199999,140183539.19055306,115629,1267.49834900,70106264.42073112,0
2021-02-20 05:59:59.999,1613815200000,55252.40000000,55929.23000000,55210.53000000,55895.31000000,2330.74195200,1613818799999,129723444.86482127,71009,1196.60800300,66591499.28420447,0
2021-02-20 06:59:59.999,1613818800000,55895.31000000,56388.37000000,55752.77000000,56355.91000000,2787.34971200,1613822399999,155931507.43980731,77103,1370.90644100,76720072.86851603,0
2021-02-20 07:59:59.999,1613822400000,56355.94000000,57700.46000000,56268.01000000,57291.92000000,6646.36125500,1613825999999,379343463.92682278,167002,2945.25839000,167994072.82411004,0
2021-02-20 08:59:59.999,1613826000000,57291.93000000,57550.00000000,56923.04000000,57274.34000000,3515.23980700,1613829599999,201257726.46089098,129782,1745.62097000,99946792.89291828,0
2021-02-20 09:59:59.999,1613829600000,57274.35000000,57426.57000000,56080.00000000,56280.83000000,4268.77802300,1613833199999,243081284.26698700,121978,2083.74691900,118700258.45525395,0
2021-02-20 10:59:59.999,1613833200000,56280.83000000,56759.99000000,55722.11000000,56145.97000000,5099.63497900,1613836799999,286778901.86173186,170299,2379.84257000,133831357.21577137,0
2021-02-20 11:59:59.999,1613836800000,56136.55000000,56943.60000000,56136.55000000,56720.16000000,3717.38436700,1613840399999,210031148.92345144,144866,1722.49894600,97326270.53841969,0
2021-02-20 12:59:59.999,1613840400000,56720.17000000,57425.00000000,56713.79000000,57048.35000000,4217.72333900,1613843999999,240931598.98318140,134869,1947.70969500,111267847.46584215,0
2021-02-20 13:59:59.999,1613844000000,57048.35000000,57152.33000000,56800.01000000,57115.24000000,1840.03131000,1613847599999,104893005.61052269,73385,954.07713100,54389820.50943438,0
2021-02-20 14:59:59.999,1613847600000,57118.09000000,57234.48000000,56709.23000000,56975.12000000,1864.07048000,1613851199999,106178555.91371001,79787,919.41331500,52370693.25698575,0
2021-02-20 15:59:59.999,1613851200000,56975.12000000,57050.00000000,56562.51000000,56719.52000000,2039.86527000,1613854799999,115803725.90370444,66950,980.29465800,55654794.27561605,0
2021-02-20 16:59:59.999,1613854800000,56719.52000000,56878.28000000,56250.66000000,56472.13000000,2361.84010600,1613858399999,133665925.43983636,70121,1178.71298000,66716850.38525542,0
2021-02-20 17:59:59.999,1613858400000,56472.13000000,56495.33000000,53863.93000000,55423.99000000,7721.82236500,1613861999999,427670179.98369899,229383,3261.29413700,180656146.92911081,0
2021-02-20 18:59:59.999,1613862000000,55424.00000000,56191.43000000,55378.02000000,55841.19000000,3774.92708800,1613865599999,210375714.97469261,109845,1736.73236600,96805671.03221858,0
2021-02-20 19:59:59.999,1613865600000,55841.19000000,56061.64000000,55477.59000000,55834.95000000,2949.77756100,1613869199999,164492362.88754974,84284,1567.96922000,87449093.15253602,0
2021-02-20 20:59:59.999,1613869200000,55834.95000000,56351.08000000,55717.87000000,56347.69000000,2125.26328800,1613872799999,119014770.77697408,70496,1075.38780300,60228584.99549423,0
2021-02-20 21:59:59.999,1613872800000,56347.70000000,56660.94000000,56253.77000000,56318.08000000,2201.03164900,1613876399999,124306784.48488625,60339,1103.50273900,62317358.21959931,0
2021-02-20 22:59:59.999,1613876400000,56318.08000000,56900.00000000,56311.40000000,56505.22000000,2027.22019700,1613879999999,114735892.16174038,58188,1149.97872000,65093136.83821802,0
2021-02-20 23:59:59.999,1613880000000,56505.22000000,56725.12000000,56040.31000000,56701.08000000,2060.64233700,1613883599999,116297497.07284269,58464,1062.28469700,59954099.29038342,0
2021-02-21 00:59:59.999,1613883600000,56701.08000000,56959.71000000,56511.54000000,56545.13000000,2041.76479100,1613887199999,115814774.95798891,52225,917.48546300,52041831.40677734,0
2021-02-21 01:59:59.999,1613887200000,56545.12000000,56609.46000000,56250.00000000,56493.23000000,1604.42588500,1613890799999,90577328.06397415,56614,752.11336700,42463469.43576441,0
2021-02-21 02:59:59.999,1613890800000,56493.22000000,56594.23000000,55863.54000000,56091.76000000,2600.75351900,1613894399999,146223148.22796013,72120,1269.80374400,71395366.24749209,0
2021-02-21 03:59:59.999,1613894400000,56092.02000000,56676.70000000,55821.03000000,56513.22000000,2357.26255600,1613897999999,132614264.62652807,68592,1197.62047500,67393178.59409487,0
2021-02-21 04:59:59.999,1613898000000,56513.21000000,56845.90000000,56364.65000000,56795.81000000,1801.28886800,1613901599999,101801688.89236490,61188,939.18785100,53077127.37936225,0
2021-02-21 05:59:59.999,1613901600000,56795.81000000,57827.00000000,56657.96000000,57560.00000000,4162.46381100,1613905199999,239049955.88924410,119544,2387.90028500,137110975.22207403,0
2021-02-21 06:59:59.999,1613905200000,57560.00000000,57570.94000000,57200.00000000,57284.79000000,2690.83005000,1613908799999,154331132.25970184,75626,1599.03421000,91702070.55597467,0
2021-02-21 07:59:59.999,1613908800000,57284.78000000,57440.82000000,56589.00000000,56888.80000000,2904.91437000,1613912399999,165858686.62890997,85031,1712.70506900,97820928.28773681,0
2021-02-21 08:59:59.999,1613912400000,56888.81000000,57220.00000000,56888.79000000,57154.19000000,1979.23846400,1613915999999,112975449.21178608,89259,891.56690100,50893748.72844281,0
2021-02-21 09:59:59.999,1613916000000,57154.19000000,57449.00000000,56783.33000000,57381.13000000,2751.79923100,1613919599999,157416712.46221265,80003,1276.31932100,73018095.70725041,0
2021-02-21 10:59:59.999,1613919600000,57381.12000000,57555.00000000,57165.40000000,57313.99000000,2657.73107500,1613923199999,152476065.18503597,124088,1300.65590200,74627514.63854968,0
2021-02-21 11:59:59.999,1613923200000,57313.99000000,57782.00000000,57006.16000000,57733.96000000,2772.77107900,1613926799999,159262145.61400902,116379,1338.48329200,76890547.27388531,0
2021-02-21 12:59:59.999,1613926800000,57733.95000000,57749.82000000,57356.53000000,57499.01000000,1895.34702700,1613930399999,109165561.47905982,71673,899.25412700,51792489.75834086,0
2021-02-21 13:59:59.999,1613930400000,57499.02000000,58300.00000000,57333.79000000,58183.69000000,2708.74612400,1613933999999,156704543.25729914,119447,1533.09588400,88720683.24901281,0
2021-02-21 14:59:59.999,1613934000000,58183.69000000,58352.80000000,57916.66000000,58072.62000000,2656.04312300,1613937599999,154497112.99673591,80188,1256.41617400,73085956.47884253,0
2021-02-21 15:59:59.999,1613937600000,58072.62000000,58247.84000000,57458.15000000,57654.80000000,2454.89171800,1613941199999,142135184.40035702,89127,1154.67616300,66858169.40086438,0
2021-02-21 16:59:59.999,1613941200000,57657.10000000,57900.00000000,57180.00000000,57293.53000000,2438.14225000,1613944799999,140356109.44497323,84682,1122.74916100,64646612.45708931,0
2021-02-21 17:59:59.999,1613944800000,57293.52000000,57616.34000000,56935.03000000,57328.47000000,2198.42742300,1613948399999,125844765.70797286,113697,1043.31190500,59724900.74080561,0
2021-02-21 18:59:59.999,1613948400000,57328.46000000,57590.05000000,57100.00000000,57408.57000000,2125.93211500,1613951999999,122046326.65778230,59279,954.58661200,54801150.09877834,0
2021-02-21 19:59:59.999,1613952000000,57412.35000000,57508.47000000,56230.84000000,56235.15000000,4513.74034200,1613955599999,256206476.92647041,101603,2052.93015500,116527941.85630910,0
2021-02-21 20:59:59.999,1613955600000,56235.15000000,57000.00000000,56013.13000000,56860.04000000,3425.03640300,1613959199999,194048532.20100081,131706,1687.57100000,95610108.82367427,0
2021-02-21 21:59:59.999,1613959200000,56860.04000000,57277.99000000,55351.15000000,56855.12000000,4511.02871100,1613962799999,254949389.91415914,102202,2217.52420900,125342467.22338429,0
2021-02-21 22:59:59.999,1613962800000,56855.13000000,57078.50000000,55757.58000000,55860.12000000,2876.05652800,1613966399999,162014342.49408319,107178,1400.27272900,78908418.38414442,0
2021-02-21 23:59:59.999,1613966400000,55858.99000000,56258.49000000,55102.77000000,55786.36000000,4117.07045800,1613969999999,229089676.70647494,107816,1812.86382600,100869406.52186817,0
2021-02-22 00:59:59.999,1613970000000,55785.61000000,56372.01000000,55625.11000000,55869.15000000,2634.16909100,1613973599999,147463057.07817703,83020,1185.58001100,66366349.12047309,0
2021-02-22 01:59:59.999,1613973600000,55869.16000000,56377.00000000,55684.74000000,55989.36000000,2101.70438100,1613977199999,117982728.62770379,73328,1086.16914200,60976053.84114737,0
2021-02-22 02:59:59.999,1613977200000,55989.35000000,56550.00000000,55652.45000000,56422.92000000,2595.91051900,1613980799999,145788942.68097489,72550,1247.08029300,70045210.06757610,0
2021-02-22 03:59:59.999,1613980800000,56422.23000000,56623.69000000,55408.92000000,55480.80000000,4285.43355200,1613984399999,239939231.56158729,85723,1844.93513200,103362861.28565440,0
2021-02-22 04:59:59.999,1613984400000,55480.80000000,55800.00000000,54355.00000000,54766.39000000,5226.54351400,1613987999999,288464821.34418318,122713,2507.17848000,138510621.77047116,0
2021-02-22 05:59:59.999,1613988000000,54747.23000000,55101.69000000,53505.70000000,54847.72000000,8059.54495200,1613991599999,438974088.46219304,184557,3812.06418000,207693324.36044736,0
2021-02-22 06:59:59.999,1613991600000,54847.72000000,55251.79000000,54403.11000000,54524.94000000,4098.26864800,1613995199999,225014641.37038058,111831,1937.00577200,106318273.85508172,0
2021-02-22 07:59:59.999,1613995200000,54515.00000000,54695.66000000,52628.90000000,53781.12000000,10930.65063700,1613998799999,585168995.14976690,238630,5133.96507200,274790620.59419257,0
2021-02-22 08:59:59.999,1613998800000,53784.14000000,54062.77000000,52050.00000000,52070.47000000,8203.24906400,1614002399999,434668374.13266490,185091,4008.41171000,212584375.41294594,0
2021-02-22 09:59:59.999,1614002400000,52066.99000000,53654.37000000,47622.00000000,53478.83000000,24477.79279200,1614005999999,1252120246.31738026,508500,11859.23979000,606836411.55804317,0
2021-02-22 10:59:59.999,1614006000000,53472.69000000,53993.00000000,52483.39000000,53236.69000000,11024.95969200,1614009599999,588440597.71152324,267399,4644.85426600,247758483.42495487,0
2021-02-22 11:59:59.999,1614009600000,53236.69000000,53847.56000000,52730.00000000,53180.05000000,5464.14551800,1614013199999,291577112.37865897,153293,2558.14367500,136554777.21755541,0
2021-02-22 12:59:59.999,1614013200000,53177.82000000,53302.59000000,51955.65000000,52100.00000000,4675.17425200,1614016799999,246033067.08975183,124241,2258.17834000,118830414.26901206,0
2021-02-22 13:59:59.999,1614016800000,52100.00000000,53490.00000000,51570.00000000,53227.23000000,5492.27131500,1614020399999,288540225.07433704,138584,2571.49882000,135020716.48823552,0
2021-02-22 14:59:59.999,1614020400000,53227.23000000,53746.29000000,52942.33000000,53581.69000000,2709.39250800,1614023999999,144745202.52390016,81259,1240.42562800,66276641.32370668,0
2021-02-22 15:59:59.999,1614024000000,53587.41000000,54364.00000000,53452.51000000,53771.34000000,3461.08948600,1614027599999,187077759.39328225,93144,1743.12562700,94207575.36040389,0
2021-02-22 16:59:59.999,1614027600000,53779.38000000,54900.00000000,53667.72000000,54883.16000000,2928.49419700,1614031199999,159285168.52561068,81059,1528.69787400,83133656.64893852,0
2021-02-22 17:59:59.999,1614031200000,54883.16000000,54989.46000000,53782.09000000,54084.97000000,2862.15708100,1614034799999,155579306.49037132,85407,1491.61936500,81048353.69973041,0
2021-02-22 18:59:59.999,1614034800000,54084.97000000,54373.32000000,53279.02000000,54087.67000000,3345.55130300,1614038399999,180214736.28216198,72249,1848.32688300,99644091.41302238,0
2021-02-22 19:59:59.999,1614038400000,54087.67000000,54183.59000000,53018.54000000,53440.66000000,2943.36896500,1614041999999,157532202.95411356,107377,1463.66931400,78334979.37420292,0
2021-02-22 20:59:59.999,1614042000000,53431.44000000,53925.86000000,52281.88000000,52546.18000000,3132.59441600,1614045599999,165831902.16947045,83399,1571.23029700,83164230.74900639,0
2021-02-22 21:59:59.999,1614045600000,52546.59000000,52887.66000000,50901.00000000,51218.63000000,5963.50597500,1614049199999,309284577.51721979,157353,2965.01472600,153869619.32416301,0
2021-02-22 22:59:59.999,1614049200000,51218.75000000,52496.90000000,51153.33000000,51906.36000000,5642.99707000,1614052799999,292785084.71039049,139770,2790.72713500,144781100.80713279,0
2021-02-22 23:59:59.999,1614052800000,51900.73000000,52311.71000000,49600.00000000,50754.50000000,6698.05728500,1614056399999,340983951.87896339,150863,2904.19675200,148035992.07803085,0
2021-02-23 00:59:59.999,1614056400000,50754.50000000,50755.48000000,48615.00000000,49950.00000000,10951.85598400,1614059999999,544401197.91319265,229947,4974.20165700,247273966.34705154,0
2021-02-23 01:59:59.999,1614060000000,49952.49000000,51241.99000000,49380.14000000,49547.02000000,6064.54940400,1614063599999,305207167.88787803,133354,3082.08275600,155117465.41686265,0
2021-02-23 02:59:59.999,1614063600000,49544.58000000,50547.30000000,49288.94000000,49640.33000000,4936.85373500,1614067199999,246714261.69089670,109379,2392.57052700,119574223.45067150,0
2021-02-23 03:59:59.999,1614067200000,49642.92000000,50027.01000000,46560.00000000,46565.18000000,15751.17067700,1614070799999,758815141.17923971,312940,6948.96769600,334957181.75485304,0
2021-02-23 04:59:59.999,1614070800000,46562.33000000,48695.75000000,45000.00000000,48075.45000000,17379.42280400,1614074399999,821119205.83081268,368112,8358.22422300,395536539.20981648,0
2021-02-23 05:59:59.999,1614074400000,48072.01000000,48979.17000000,46568.00000000,47546.01000000,8447.62229800,1614077999999,402870433.97213644,193960,4140.71415200,197483399.16148375,0
2021-02-23 06:59:59.999,1614078000000,47531.15000000,48275.74000000,44892.56000000,46369.29000000,12372.25443300,1614081599999,572863947.25727364,242476,5839.99678400,270527141.22070734,0
2021-02-23 07:59:59.999,1614081600000,46359.14000000,49455.53000000,45788.10000000,48670.21000000,13248.95882000,1614085199999,629347433.60642503,259976,6898.84650700,327806976.86841776,0
2021-02-23 08:59:59.999,1614085200000,48670.54000000,49600.00000000,48032.17000000,48750.00000000,7741.58941200,1614088799999,377614079.11806758,172266,4023.14235200,196254720.55646505,0
2021-02-23 09:59:59.999,1614088800000,48754.47000000,49141.89000000,45838.84000000,46978.18000000,7605.54125100,1614092399999,360869163.70869394,191730,3632.63684400,172532576.02962880,0
2021-02-23 10:59:59.999,1614092400000,46977.89000000,49350.00000000,46635.00000000,48602.03000000,7893.56502000,1614095999999,381359810.37807281,186256,4125.87428200,199476492.49976093,0
2021-02-23 11:59:59.999,1614096000000,48602.02000000,49247.69000000,47230.01000000,47365.61000000,5789.95500800,1614099599999,278323778.57237520,127453,2681.22027300,129036576.21017609,0
2021-02-23 12:59:59.999,1614099600000,47361.41000000,48197.74000000,46888.00000000,47175.27000000,3541.70158500,1614103199999,168002549.47439544,94047,1758.35548200,83426686.47410004,0
2021-02-23 13:59:59.999,1614103200000,47163.74000000,47777.00000000,46501.34000000,46881.49000000,3767.75261800,1614106799999,177599282.14800305,100101,1842.67491100,86936002.82502872,0
2021-02-23 14:59:59.999,1614106800000,46872.77000000,47291.03000000,45500.00000000,45523.00000000,4845.94891300,1614110399999,224281371.84178197,120852,2209.35751900,102293371.28860546,0
2021-02-23 15:59:59.999,1614110400000,45523.02000000,47820.00000000,45251.00000000,47814.50000000,4719.43409900,1614113999999,220303390.69267214,113735,2429.29030800,113559842.78994764,0
2021-02-23 16:59:59.999,1614114000000,47812.80000000,48474.31000000,47400.70000000,47937.33000000,4237.63139600,1614117599999,203749279.92999366,95017,2468.49531300,118729321.24352526,0
2021-02-23 17:59:59.999,1614117600000,47930.44000000,48756.00000000,47738.82000000,48589.69000000,3213.00765300,1614121199999,155350590.03150539,74216,1710.03929700,82702263.28772867,0
2021-02-23 18:59:59.999,1614121200000,48597.19000000,48938.85000000,48124.51000000,48891.00000000,2485.68623000,1614124799999,120629326.77981200,60617,1252.61388500,60784623.12998936,0
2021-02-23 19:59:59.999,1614124800000,48891.00000000,49100.00000000,46988.69000000,48456.58000000,4847.53073600,1614128399999,232076690.35418094,113148,2353.74857500,112801918.33755374,0
2021-02-23 20:59:59.999,1614128400000,48456.58000000,50225.22000000,48419.48000000,50191.60000000,5367.92410400,1614131999999,264734974.10829012,116620,2863.56549200,141251223.84913265,0
2021-02-23 21:59:59.999,1614132000000,50191.68000000,50553.33000000,49803.00000000,50160.42000000,3962.03444500,1614135599999,198889484.54245099,101287,1961.74069800,98491365.70161724,0
2021-02-23 22:59:59.999,1614135600000,50160.21000000,50993.57000000,50025.01000000,50874.99000000,3145.82980800,1614139199999,158803323.04548693,79857,1666.77630900,84155964.55322895,0
2021-02-23 23:59:59.999,1614139200000,50869.77000000,51357.00000000,50327.35000000,50617.29000000,4569.37934100,1614142799999,232438416.79339211,109519,2570.52035500,130768549.11077603,0
2021-02-24 00:59:59.999,1614142800000,50619.83000000,51044.22000000,50000.00000000,50247.40000000,3407.58076900,1614146399999,171886820.25996955,84827,1810.31364600,91331452.56812189,0
2021-02-24 01:59:59.999,1614146400000,50247.61000000,50719.78000000,49456.00000000,50109.21000000,4666.11847000,1614149999999,233390526.45703587,109361,2366.15574100,118348580.97282154,0
2021-02-24 02:59:59.999,1614150000000,50109.20000000,50368.40000000,49530.43000000,50090.57000000,3036.97920300,1614153599999,151776782.27984239,78641,1584.03485200,79184469.31195800,0
2021-02-24 03:59:59.999,1614153600000,50090.61000000,50886.20000000,49799.29000000,50634.36000000,3931.00620100,1614157199999,198647202.83939082,102253,1954.68993800,98774033.09842807,0
2021-02-24 04:59:59.999,1614157200000,50634.32000000,51374.99000000,50306.12000000,50847.51000000,4804.82076900,1614160799999,244207904.89909110,115218,2495.37209800,126760609.55484541,0
2021-02-24 05:59:59.999,1614160800000,50847.50000000,51000.00000000,50033.52000000,50075.00000000,3196.21238900,1614164399999,161464416.54413845,92558,1504.95120500,76053703.29705312,0
2021-02-24 06:59:59.999,1614164400000,50075.00000000,50875.00000000,50049.15000000,50360.02000000,2831.80462200,1614167999999,142887063.44259436,82887,1430.93015000,72212300.17751500,0
2021-02-24 07:59:59.999,1614168000000,50360.02000000,51294.00000000,50326.81000000,50739.94000000,4538.97781000,1614171599999,230946348.07511860,102495,2106.56547500,107201169.34209975,0
2021-02-24 08:59:59.999,1614171600000,50738.27000000,51060.00000000,49056.33000000,49481.61000000,7310.45414800,1614175199999,363938756.12032670,152980,3406.18825800,169502557.32618663,0
2021-02-24 09:59:59.999,1614175200000,49469.19000000,49777.00000000,48758.00000000,49404.04000000,4794.06506400,1614178799999,236323203.72922684,99104,2365.99498000,116665506.76388923,0
2021-02-24 10:59:59.999,1614178800000,49404.62000000,49850.00000000,48450.00000000,49819.50000000,4685.05192800,1614182399999,230450785.30372679,105383,2398.34043600,118032165.63465616,0
2021-02-24 11:59:59.999,1614182400000,49819.49000000,50150.00000000,49160.00000000,49308.28000000,3788.49869500,1614185999999,188185982.84580416,80231,1918.82606000,95330349.09763051,0
2021-02-24 12:59:59.999,1614186000000,49308.29000000,50060.31000000,49303.56000000,50041.80000000,2368.46736800,1614189599999,117885039.87187039,62024,1207.15248900,60083975.40984697,0
2021-02-24 13:59:59.999,1614189600000,50046.03000000,50052.18000000,49465.15000000,49570.00000000,2338.30656600,1614193199999,116311162.40909255,55934,1071.79336200,53314935.44764492,0
2021-02-24 14:59:59.999,1614193200000,49570.00000000,49690.15000000,48811.26000000,48959.93000000,2856.47685000,1614196799999,140540872.27822315,63481,1377.77991800,67775581.68214042,0
2021-02-24 15:59:59.999,1614196800000,48959.93000000,49266.39000000,48581.26000000,49101.18000000,2532.66408700,1614200399999,123860543.18299560,65161,1201.33183700,58743856.60865807,0
2021-02-24 16:59:59.999,1614200400000,49101.18000000,49150.00000000,48090.00000000,48707.72000000,3651.36623600,1614203999999,176954151.28704662,82126,1747.74613500,84724951.63964196,0
2021-02-24 17:59:59.999,1614204000000,48715.97000000,48950.00000000,48028.18000000,48811.63000000,2341.05845900,1614207599999,113682228.47331085,69019,1035.68505500,50305302.55720192,0
2021-02-24 18:59:59.999,1614207600000,48811.63000000,49747.49000000,48722.71000000,49676.20000000,2908.60118400,1614211199999,143750322.23693025,70418,1350.51176700,66752084.09569870,0
2021-02-24 19:59:59.999,1614211200000,49676.21000000,50865.00000000,49517.01000000,50507.25000000,3530.40346200,1614214799999,177315058.26818629,87157,1865.29052100,93677845.27793823,0
2021-02-24 20:59:59.999,1614214800000,50507.24000000,50884.88000000,50357.14000000,50504.71000000,2197.13675300,1614218399999,111268572.08912711,53310,1189.00936000,60218195.43755632,0
2021-02-24 21:59:59.999,1614218400000,50505.26000000,50834.43000000,50421.36000000,50650.95000000,1895.03724200,1614221999999,96020905.95990301,47719,975.19348400,49414002.72529453,0
2021-02-24 22:59:59.999,1614222000000,50650.95000000,50659.77000000,50033.94000000,50206.97000000,1947.21850800,1614225599999,97997520.78394554,52519,973.23221100,48974935.56632615,0
2021-02-24 23:59:59.999,1614225600000,50206.97000000,50366.67000000,49567.89000000,49627.34000000,2531.01652400,1614229199999,126596464.51532776,55577,1271.09020400,63579920.34369894,0
2021-02-25 00:59:59.999,1614229200000,49626.90000000,50449.07000000,49533.44000000,50388.60000000,2489.27614500,1614232799999,124308971.42079986,63601,1312.36198100,65532875.49801985,0
2021-02-25 01:59:59.999,1614232800000,50391.10000000,50568.97000000,50212.79000000,50453.54000000,1878.14184600,1614236399999,94672068.91718432,71321,936.38339600,47201518.69036245,0
2021-02-25 02:59:59.999,1614236400000,50453.54000000,50559.51000000,50105.71000000,50395.99000000,1945.51267000,1614239999999,98085710.90143531,55250,987.33240300,49783416.60237040,0
2021-02-25 03:59:59.999,1614240000000,50395.58000000,50513.35000000,49534.90000000,49700.00000000,2853.46848600,1614243599999,142708611.69016401,73044,1442.17472000,72134777.56929014,0
2021-02-25 04:59:59.999,1614243600000,49700.01000000,49840.60000000,48581.71000000,48977.03000000,4454.01146200,1614247199999,218864240.01879811,109551,2159.84100800,106137032.63691128,0
2021-02-25 05:59:59.999,1614247200000,48977.03000000,49729.52000000,48812.92000000,49551.51000000,2744.27976000,1614250799999,135270333.22223811,108491,1409.13453800,69471930.39275963,0
2021-02-25 06:59:59.999,1614250800000,49551.51000000,50403.14000000,49551.51000000,50294.80000000,3076.06333800,1614254399999,153555644.49355980,104662,1581.69123500,78976835.05466704,0
2021-02-25 07:59:59.999,1614254400000,50299.00000000,51500.00000000,50077.00000000,51487.06000000,5006.69196500,1614257999999,253928753.62570436,142209,2750.04184000,139510873.31588941,0
2021-02-25 08:59:59.999,1614258000000,51497.98000000,52041.73000000,51060.27000000,51347.60000000,6437.20928400,1614261599999,331813816.68325372,156703,3305.41176100,170455329.85337949,0
2021-02-25 09:59:59.999,1614261600000,51351.93000000,51530.00000000,50599.00000000,50830.88000000,3602.68247200,1614265199999,184076620.86842276,96270,1629.94566600,83315760.62943449,0
2021-02-25 10:59:59.999,1614265200000,50830.60000000,51367.61000000,50480.00000000,50849.99000000,3311.82255800,1614268799999,168638000.41787461,102306,1540.15706900,78411652.12854003,0
2021-02-25 11:59:59.999,1614268800000,50850.00000000,51370.18000000,50563.82000000,50630.66000000,3186.56373600,1614272399999,162452252.98783745,100933,1528.30413100,77914098.04088617,0
2021-02-25 12:59:59.999,1614272400000,50632.85000000,50665.78000000,49306.91000000,49550.95000000,4625.13316200,1614275999999,231011634.46842033,109813,2024.93443000,101143499.45406222,0
2021-02-25 13:59:59.999,1614276000000,49550.96000000,50086.28000000,49226.09000000,49544.14000000,3513.02183800,1614279599999,174509030.04080191,96606,1739.77401000,86434357.97169301,0
2021-02-25 14:59:59.999,1614279600000,49543.04000000,50000.00000000,49262.29000000,49443.86000000,2583.92601300,1614283199999,128220155.52403962,110202,1288.11088100,63926257.90612366,0
2021-02-25 15:59:59.999,1614283200000,49442.20000000,49550.01000000,48529.47000000,49152.75000000,4249.67515800,1614286799999,208126020.37474209,123297,1950.51150400,95521642.40626772,0
2021-02-25 16:59:59.999,1614286800000,49151.36000000,49300.00000000,48051.00000000,48101.99000000,3634.64330500,1614290399999,177026810.91773268,101460,1592.40149400,77619066.20353466,0
2021-02-25 17:59:59.999,1614290400000,48102.01000000,48900.00000000,47471.00000000,48235.85000000,5670.50516700,1614293999999,272928468.09759038,152785,2249.08470900,108297095.79279770,0
2021-02-25 18:59:59.999,1614294000000,48229.63000000,48463.27000000,46674.34000000,47073.73000000,5947.23226700,1614297599999,282793061.85452555,130893,2909.25220300,138415598.14855837,0
2021-02-25 19:59:59.999,1614297600000,47073.73000000,47613.50000000,46000.00000000,46801.05000000,8103.39317700,1614301199999,377831011.56882769,172768,3825.35259500,178444800.91619932,0
2021-02-25 20:59:59.999,1614301200000,46807.84000000,47479.06000000,46240.84000000,46480.48000000,6203.21910400,1614304799999,290755125.08169801,136879,2797.08898300,131130552.04979824,0
2021-02-25 21:59:59.999,1614304800000,46480.48000000,47800.00000000,46124.74000000,47343.51000000,5240.30775400,1614308399999,246801657.25005068,113885,2727.86834900,128587722.42657518,0
2021-02-25 22:59:59.999,1614308400000,47343.50000000,47695.77000000,46639.24000000,47330.24000000,3512.63530400,1614311999999,165764356.62534804,74188,1678.73869200,79268414.42883371,0
2021-02-25 23:59:59.999,1614312000000,47331.34000000,47786.50000000,46806.49000000,47025.06000000,2839.21943900,1614315599999,134360235.86143333,67187,1404.24721700,66455661.80800747,0
2021-02-26 00:59:59.999,1614315600000,47028.80000000,47207.40000000,45502.69000000,45517.53000000,5228.38820800,1614319199999,241909695.32155710,106473,2393.47558700,110855039.12883120,0
2021-02-26 01:59:59.999,1614319200000,45524.35000000,46500.00000000,45512.02000000,46093.07000000,3894.66556800,1614322799999,179503674.00823412,92708,2004.62294400,92392698.00012970,0
2021-02-26 02:59:59.999,1614322800000,46098.99000000,46430.02000000,44106.78000000,44973.68000000,10843.41221600,1614326399999,488062440.47692488,182846,4759.61414800,214102124.22802633,0
2021-02-26 03:59:59.999,1614326400000,44986.99000000,45950.00000000,44939.19000000,45727.74000000,5560.53718000,1614329999999,252899486.53136551,112993,3040.30106900,138268949.01498576,0
2021-02-26 04:59:59.999,1614330000000,45727.75000000,46626.35000000,45325.00000000,46410.76000000,6228.04563800,1614333599999,287389360.53800643,120877,2953.79986200,136357667.07994773,0
2021-02-26 05:59:59.999,1614333600000,46410.76000000,46880.40000000,46168.00000000,46706.85000000,3745.26633500,1614337199999,174396328.08068973,83336,1855.10917900,86378782.45516731,0
2021-02-26 06:59:59.999,1614337200000,46704.75000000,46850.00000000,45662.94000000,46427.65000000,3319.25951200,1614340799999,153378598.05698269,74580,1652.14932400,76345324.90886055,0
2021-02-26 07:59:59.999,1614340800000,46427.65000000,47266.34000000,46315.08000000,46823.39000000,3485.25260900,1614344399999,163279933.31185639,73849,1769.62185000,82921416.43307298,0
2021-02-26 08:59:59.999,1614344400000,46823.38000000,46999.77000000,45800.00000000,45958.41000000,3593.67866900,1614347999999,166636422.45052784,74350,1875.93901200,86995976.18924903,0
2021-02-26 09:59:59.999,1614348000000,45958.41000000,47429.00000000,45828.37000000,46868.98000000,4508.89686400,1614351599999,210961601.75950509,95235,2427.59182800,113576978.93155110,0
2021-02-26 10:59:59.999,1614351600000,46869.59000000,47853.13000000,46333.00000000,47594.65000000,5170.12468800,1614355199999,243331076.24514916,95719,2707.73438300,127476530.24788660,0
2021-02-26 11:59:59.999,1614355200000,47590.66000000,48219.08000000,47450.00000000,48127.26000000,4556.16230600,1614358799999,218038757.46334770,97078,2376.52056900,113747181.50612344,0
2021-02-26 12:59:59.999,1614358800000,48127.26000000,48424.11000000,47542.20000000,47660.98000000,3255.90618200,1614362399999,156184096.40823589,97578,1516.64501800,72767422.86201629,0
2021-02-26 13:59:59.999,1614362400000,47659.96000000,47873.24000000,47269.99000000,47317.09000000,2473.72390500,1614365999999,117680138.80192218,67348,1261.37198300,59999766.57364878,0
2021-02-26 14:59:59.999,1614366000000,47317.09000000,47478.07000000,46602.62000000,46959.17000000,3342.27688000,1614369599999,157219140.61462317,81667,1775.23647800,83525665.16354663,0
2021-02-26 15:59:59.999,1614369600000,46959.18000000,47115.38000000,46071.89000000,46270.00000000,3514.29786700,1614373199999,163727573.68617536,80837,1733.79210500,80755103.94787450,0
2021-02-26 16:59:59.999,1614373200000,46270.00000000,46867.00000000,45500.00000000,45677.46000000,3831.69018200,1614376799999,177173658.77323526,85141,1806.78594000,83585069.84939639,0
2021-02-26 17:59:59.999,1614376800000,45680.00000000,45988.77000000,45000.00000000,45476.30000000,4400.97529100,1614380399999,200547396.61397559,123927,2204.94896800,100559178.29847833,0
2021-02-26 18:59:59.999,1614380400000,45476.30000000,46444.57000000,45368.74000000,46276.87000000,2571.86578500,1614383999999,118542767.20494309,60317,1078.34853900,49692166.80407637,0
2021-02-26 19:59:59.999,1614384000000,46276.88000000,47568.18000000,46156.24000000,47525.07000000,3534.29999100,1614387599999,165803625.84097623,86580,1665.01567100,78110640.54767086,0
2021-02-26 20:59:59.999,1614387600000,47523.34000000,47960.00000000,47331.54000000,47761.97000000,2844.98808800,1614391199999,135514542.91739055,66295,1421.25152600,67704139.35897203,0
2021-02-26 21:59:59.999,1614391200000,47761.97000000,48085.47000000,47186.00000000,47375.34000000,4456.60085500,1614394799999,212457424.21204068,78369,2189.07166400,104342900.46655170,0
2021-02-26 22:59:59.999,1614394800000,47375.34000000,47937.03000000,47158.26000000,47423.08000000,2661.32193700,1614398399999,126754003.33040374,57862,1405.78906700,66954860.25786872,0
2021-02-26 23:59:59.999,1614398400000,47423.07000000,47918.40000000,47278.54000000,47657.47000000,2060.90965900,1614401999999,98143308.31298744,53225,1066.13491300,50771040.52663614,0
2021-02-27 00:59:59.999,1614402000000,47657.48000000,47955.58000000,47460.21000000,47803.71000000,1995.34977400,1614405599999,95113752.31335984,49559,1050.35401800,50073355.08143282,0
2021-02-27 01:59:59.999,1614405600000,47799.68000000,48394.00000000,47527.33000000,47566.60000000,2654.87120400,1614409199999,127353603.53008118,66971,1405.04827800,67410668.81044190,0
2021-02-27 02:59:59.999,1614409200000,47560.69000000,47626.26000000,46712.18000000,47158.53000000,3140.61823000,1614412799999,148219870.16535473,103195,1362.54620800,64305961.13869768,0
2021-02-27 03:59:59.999,1614412800000,47153.01000000,47284.74000000,46380.00000000,46620.50000000,2860.16511300,1614416399999,133799040.21912423,72532,1377.74747200,64451428.41630400,0
2021-02-27 04:59:59.999,1614416400000,46620.83000000,46827.73000000,46224.84000000,46671.04000000,2576.34509200,1614419999999,119862455.12701158,69632,1302.27292700,60589695.58045667,0
2021-02-27 05:59:59.999,1614420000000,46671.04000000,47099.97000000,46601.01000000,46775.51000000,2600.52498100,1614423599999,121899926.21080389,73219,1320.99195800,61923992.42977355,0
2021-02-27 06:59:59.999,1614423600000,46775.68000000,47640.03000000,46690.00000000,47299.99000000,2765.21237600,1614427199999,130625873.88869273,98218,1334.86962300,63061410.76453267,0
2021-02-27 07:59:59.999,1614427200000,47299.99000000,47800.00000000,46735.63000000,47429.99000000,3286.07999400,1614430799999,155524036.69004770,104559,1719.14008500,81375777.57309195,0
2021-02-27 08:59:59.999,1614430800000,47430.00000000,47700.00000000,47058.82000000,47441.91000000,2358.37712800,1614434399999,111900397.24020663,67771,1165.13395500,55286834.45013342,0
2021-02-27 09:59:59.999,1614434400000,47441.91000000,47620.00000000,46836.00000000,47079.64000000,2566.95495400,1614437999999,121112174.87390989,68107,1187.81147400,56048094.24457132,0
2021-02-27 10:59:59.999,1614438000000,47078.23000000,47378.92000000,46337.53000000,46528.64000000,3281.96265900,1614441599999,153502286.09020234,75010,1591.87644400,74468168.98682059,0
2021-02-27 11:59:59.999,1614441600000,46528.82000000,46949.96000000,46271.00000000,46883.19000000,2253.46093200,1614445199999,105298736.37827274,63972,1046.25098800,48907145.01779883,0
2021-02-27 12:59:59.999,1614445200000,46883.19000000,47177.00000000,46700.00000000,47042.53000000,1672.24031500,1614448799999,78515466.79669112,51211,805.28582400,37810517.31586011,0
2021-02-27 13:59:59.999,1614448800000,47041.13000000,47329.17000000,46900.00000000,47136.30000000,1457.74337900,1614452399999,68687063.11667067,46792,729.86197100,34391944.86717012,0
2021-02-27 14:59:59.999,1614452400000,47136.29000000,47450.26000000,47028.59000000,47405.39000000,1684.93500000,1614455999999,79658239.62294505,60931,834.00371700,39436662.29000260,0
2021-02-27 15:59:59.999,1614456000000,47405.38000000,47557.14000000,46900.00000000,47081.07000000,1868.82747200,1614459599999,88246185.35643802,58133,998.73874800,47167746.01101271,0
2021-02-27 16:59:59.999,1614459600000,47083.43000000,47170.00000000,46534.13000000,46825.30000000,1969.98297900,1614463199999,92418276.77836795,53136,879.07275900,41240297.39382531,0
2021-02-27 17:59:59.999,1614463200000,46825.30000000,46870.31000000,45742.00000000,45828.43000000,2593.33291400,1614466799999,120278864.92911987,77561,1114.37705300,51711821.91528250,0
2021-02-27 18:59:59.999,1614466800000,45828.44000000,46441.41000000,45000.00000000,46106.43000000,6915.72926600,1614470399999,315208284.60987299,154880,3014.37330400,137467007.50468982,0
2021-02-27 19:59:59.999,1614470400000,46103.67000000,46638.46000000,45588.11000000,46345.94000000,3169.79714600,1614473999999,146343245.43574778,73122,1659.58699400,76624309.58339224,0
2021-02-27 20:59:59.999,1614474000000,46345.93000000,46600.00000000,46100.00000000,46442.50000000,1907.14640000,1614477599999,88446962.56277918,46835,969.55992000,44980753.83648046,0
2021-02-27 21:59:59.999,1614477600000,46439.20000000,46518.68000000,45220.28000000,45397.23000000,2844.47407400,1614481199999,130253873.25121635,71301,1295.88687100,59331828.16020728,0
2021-02-27 22:59:59.999,1614481200000,45397.97000000,45684.56000000,44444.00000000,44629.17000000,5409.31508300,1614484799999,243565752.27029851,107113,2459.09725300,110765442.09332018,0
2021-02-27 23:59:59.999,1614484800000,44632.70000000,45100.00000000,44267.48000000,44384.14000000,3744.72190800,1614488399999,167372917.56371388,81166,1864.17655200,83344548.00617286,0
2021-02-28 00:59:59.999,1614488400000,44384.38000000,45600.00000000,44200.00000000,44791.27000000,4065.08885100,1614491999999,182473020.62141399,88176,2025.52662800,91017014.80541965,0
2021-02-28 01:59:59.999,1614492000000,44791.27000000,44977.05000000,43738.65000000,44372.43000000,6061.42567500,1614495599999,268938540.46627653,123877,2986.34030800,132564535.19387009,0
2021-02-28 02:59:59.999,1614495600000,44379.68000000,44783.29000000,44099.99000000,44400.83000000,2997.71730300,1614499199999,133261571.87941589,71352,1509.46732000,67112779.23711468,0
2021-02-28 03:59:59.999,1614499200000,44400.83000000,45273.68000000,44375.02000000,44856.61000000,3222.93603900,1614502799999,144621237.55419828,69922,1672.73012400,75067985.53918451,0
2021-02-28 04:59:59.999,1614502800000,44856.61000000,45530.62000000,44680.71000000,45067.61000000,2733.85811000,1614506399999,123504689.95208467,60914,1397.29972800,63134373.77267454,0
2021-02-28 05:59:59.999,1614506400000,45067.51000000,45513.78000000,44712.19000000,45177.20000000,2357.30304900,1614509999999,106473932.85628458,51637,1191.64029400,53849452.11931280,0
2021-02-28 06:59:59.999,1614510000000,45177.20000000,45493.87000000,44966.63000000,45284.86000000,2221.51346500,1614513599999,100639192.03627693,48549,1133.87832600,51377617.18932274,0
2021-02-28 07:59:59.999,1614513600000,45287.25000000,45500.17000000,44501.00000000,44756.99000000,2991.00191900,1614517199999,134304067.74202045,70740,1533.22514500,68851526.75005113,0
2021-02-28 08:59:59.999,1614517200000,44756.99000000,44889.00000000,44150.00000000,44178.80000000,3108.19179800,1614520799999,138482357.92560297,65249,1410.56367100,62851419.90856457,0
2021-02-28 09:59:59.999,1614520800000,44183.52000000,44652.30000000,43556.98000000,44561.92000000,5862.90959100,1614524399999,258553829.19896809,118733,2853.84535500,125894209.04068268,0
2021-02-28 10:59:59.999,1614524400000,44564.46000000,44628.89000000,43168.00000000,43391.14000000,5007.27058300,1614527999999,218771349.57323169,108126,2347.12410900,102573613.94667773,0
2021-02-28 11:59:59.999,1614528000000,43391.14000000,43934.56000000,43000.00000000,43514.78000000,4682.77407500,1614531599999,203706183.12276087,100278,2208.85326200,96126605.99246248,0
2021-02-28 12:59:59.999,1614531600000,43514.77000000,43942.62000000,43085.00000000,43119.02000000,3300.00538700,1614535199999,143500534.33324752,72028,1493.07205400,64961325.13164407,0
2021-02-28 13:59:59.999,1614535200000,43123.42000000,43779.96000000,43001.00000000,43677.39000000,2672.29292500,1614538799999,116189047.22323296,56790,1365.94908900,59415305.57699560,0
2021-02-28 14:59:59.999,1614538800000,43683.79000000,44521.66000000,43434.22000000,44405.32000000,2825.26510900,1614542399999,124222953.03989421,66719,1390.80217500,61174762.09096287,0
2021-02-28 15:59:59.999,1614542400000,44402.88000000,44960.00000000,44088.00000000,44860.38000000,2723.97533900,1614545999999,120993189.49728925,64301,1276.70520100,56732923.18431498,0
2021-02-28 16:59:59.999,1614546000000,44866.37000000,45380.21000000,44845.88000000,45129.52000000,3611.87808000,1614549599999,163044265.62454782,85094,1695.55722700,76544169.12652960,0
2021-02-28 17:59:59.999,1614549600000,45129.52000000,45362.35000000,44755.10000000,45180.00000000,1990.55793300,1614553199999,89784874.35224988,55700,1104.36519700,49819715.24342241,0
2021-02-28 18:59:59.999,1614553200000,45179.99000000,45919.61000000,44850.00000000,45135.66000000,3543.94920000,1614556799999,160912377.37182900,80623,1842.91904700,83681231.07360078,0
2021-02-28 19:59:59.999,1614556800000,45134.11000000,46571.30000000,44950.53000000,46217.19000000,4899.57483300,1614560399999,225513040.97302689,98570,2546.12383200,117249522.87670990,0
2021-02-28 20:59:59.999,1614560400000,46217.18000000,46492.33000000,45850.00000000,46161.83000000,2685.38600500,1614563999999,123992734.60490434,63851,1272.87872400,58775192.06854412,0
2021-02-28 21:59:59.999,1614564000000,46166.16000000,46796.94000000,46102.84000000,46419.56000000,2926.95109900,1614567599999,136131784.14017812,66979,1434.36610300,66682014.58160103,0
2021-02-28 22:59:59.999,1614567600000,46414.70000000,46540.31000000,46204.08000000,46336.37000000,1970.34891200,1614571199999,91409715.99835350,48608,996.75823700,46245628.53192638,0
2021-02-28 23:59:59.999,1614571200000,46336.38000000,46688.13000000,45959.70000000,46458.33000000,2152.37990400,1614574799999,99623997.43976883,52281,1018.96408400,47174472.85825921,0
2021-03-01 00:59:59.999,1614574800000,46474.53000000,46486.33000000,45980.00000000,46200.47000000,2151.81610900,1614578399999,99418827.42803201,42108,1160.44899500,53602856.04459932,0
2021-03-01 01:59:59.999,1614578400000,46200.46000000,46272.38000000,45641.02000000,45857.30000000,2462.75599200,1614581999999,113251774.58884000,54715,1221.62636300,56181460.93743773,0
2021-03-01 02:59:59.999,1614582000000,45857.30000000,46425.61000000,45837.28000000,46288.18000000,2757.47142600,1614585599999,127185633.65512986,52132,1401.27958900,64626989.17786812,0
2021-03-01 03:59:59.999,1614585600000,46291.87000000,47300.00000000,46272.10000000,47009.38000000,4893.93544600,1614589199999,229398351.72244389,105294,2517.08494200,118002132.07713202,0
2021-03-01 04:59:59.999,1614589200000,47009.38000000,47500.00000000,46900.00000000,47350.12000000,3890.52625300,1614592799999,183805805.57094061,119593,1860.70307400,87929478.97873058,0
2021-03-01 05:59:59.999,1614592800000,47347.51000000,47714.61000000,46968.00000000,47615.66000000,3790.49879700,1614596399999,179579344.64943491,113749,1814.06676300,85969877.50688835,0
2021-03-01 06:59:59.999,1614596400000,47615.66000000,48050.00000000,47400.00000000,47722.78000000,5754.50783300,1614599999999,274969148.28367645,148678,2584.48026900,123436759.74516606,0
2021-03-01 07:59:59.999,1614600000000,47722.42000000,48044.63000000,47450.32000000,47913.80000000,3184.93608500,1614603599999,152215160.11143974,130402,1642.63539700,78521976.07015114,0
2021-03-01 08:59:59.999,1614603600000,47913.80000000,48441.96000000,47757.78000000,47799.33000000,5239.10988500,1614607199999,252041307.30553061,128669,2231.27196300,107367721.13743488,0
2021-03-01 09:59:59.999,1614607200000,47799.34000000,48564.03000000,47580.10000000,48083.04000000,4564.09516600,1614610799999,219732963.70363260,106239,2351.11959800,113191346.51585313,0
2021-03-01 10:59:59.999,1614610800000,48083.04000000,49298.00000000,48065.54000000,49188.00000000,5757.10113300,1614614399999,281053341.77638509,126214,3130.48006600,152782808.66391681,0
2021-03-01 11:59:59.999,1614614400000,49187.99000000,49469.99000000,48530.36000000,49065.40000000,5837.99284000,1614617999999,286091759.29871188,155200,3045.56667000,149251264.19539030,0
2021-03-01 12:59:59.999,1614618000000,49069.60000000,49200.00000000,48527.27000000,48565.00000000,3508.19818100,1614621599999,171459146.32915217,75536,1500.41754800,73337903.66428158,0
2021-03-01 13:59:59.999,1614621600000,48565.00000000,48777.71000000,48233.33000000,48465.27000000,3120.34098400,1614625199999,151243496.69571990,71330,1632.04003700,79098725.14175139,0
2021-03-01 14:59:59.999,1614625200000,48465.27000000,48700.00000000,48019.06000000,48262.83000000,2240.12268200,1614628799999,108246561.65351669,59593,1097.23393800,53024323.54805958,0
2021-03-01 15:59:59.999,1614628800000,48262.66000000,48916.55000000,47876.00000000,48512.40000000,4496.21330400,1614632399999,217115102.90005244,101790,2755.45463300,133029219.81850437,0
2021-03-01 16:59:59.999,1614632400000,48512.99000000,48872.00000000,48338.25000000,48784.09000000,2011.39697700,1614635999999,97812320.09828620,96201,1014.30510600,49324876.35973564,0
2021-03-01 17:59:59.999,1614636000000,48784.46000000,49300.00000000,48588.89000000,49137.73000000,1882.44168200,1614639599999,92252313.95743198,57553,870.78503600,42666007.40763326,0
2021-03-01 18:59:59.999,1614639600000,49137.73000000,49790.00000000,49064.62000000,49587.03000000,2908.01012000,1614643199999,143972161.98113952,71938,1516.90339400,75094127.70673212,0
2021-03-01 19:59:59.999,1614643200000,49595.76000000,50200.00000000,49278.94000000,49354.62000000,4346.81402400,1614646799999,216488087.59988408,129863,2270.17818400,113115088.77165506,0
2021-03-01 20:59:59.999,1614646800000,49354.63000000,49699.93000000,48710.00000000,49368.60000000,2651.16259000,1614650399999,130190243.85463369,69946,1413.38820000,69418719.02284061,0
2021-03-01 21:59:59.999,1614650400000,49368.60000000,49777.00000000,49045.45000000,49272.74000000,2909.33571100,1614653999999,143869485.52624628,70920,1463.01451400,72353098.49711370,0
2021-03-01 22:59:59.999,1614654000000,49272.74000000,49398.00000000,48825.00000000,48974.75000000,2134.19589000,1614657599999,104756035.22156957,50352,962.66098100,47247693.97571770,0
2021-03-01 23:59:59.999,1614657600000,48974.74000000,49243.00000000,48544.75000000,49159.16000000,2213.46541600,1614661199999,108239030.17290433,54092,1153.58493300,56405746.98290183,0
2021-03-02 00:59:59.999,1614661200000,49159.16000000,49402.07000000,48660.28000000,48672.07000000,1944.60465600,1614664799999,95318839.01138939,46463,925.04489500,45331645.20696174,0
2021-03-02 01:59:59.999,1614664800000,48673.88000000,48846.03000000,48333.00000000,48638.36000000,2733.66015400,1614668399999,132803863.87494007,113819,1346.87413900,65437960.53324578,0
2021-03-02 02:59:59.999,1614668400000,48631.58000000,48833.10000000,48301.36000000,48331.61000000,2277.99261900,1614671999999,110625788.74445659,99655,1231.21930100,59791562.29107835,0
2021-03-02 03:59:59.999,1614672000000,48331.60000000,49222.00000000,48270.69000000,48858.08000000,2996.19663500,1614675599999,146165949.21175821,67298,1564.55009300,76329343.62713566,0
2021-03-02 04:59:59.999,1614675600000,48861.23000000,49265.54000000,48861.22000000,49144.23000000,2269.41548500,1614679199999,111331476.44254829,59578,1029.79736100,50509186.80540750,0
2021-03-02 05:59:59.999,1614679200000,49144.22000000,49263.95000000,48550.00000000,48721.09000000,2242.27340900,1614682799999,109735288.60017008,59225,1055.02994600,51635794.36524153,0
2021-03-02 06:59:59.999,1614682800000,48721.09000000,49047.06000000,48550.00000000,48844.13000000,1837.03586300,1614686399999,89672315.55733889,51394,925.98387800,45202432.84676146,0
2021-03-02 07:59:59.999,1614686400000,48844.14000000,49117.00000000,48568.98000000,48811.03000000,1941.87487100,1614689999999,94695646.41897205,58535,939.50143700,45819256.80625263,0
2021-03-02 08:59:59.999,1614690000000,48807.45000000,49076.70000000,48712.70000000,49000.00000000,2099.03468900,1614693599999,102661918.65693999,53590,1048.34135100,51275549.02548314,0
2021-03-02 09:59:59.999,1614693600000,49000.00000000,49699.99000000,48769.32000000,48899.31000000,4150.04648100,1614697199999,204406128.59988017,93972,2043.69139200,100694555.36869732,0
2021-03-02 10:59:59.999,1614697200000,48899.30000000,49043.99000000,48380.83000000,48676.08000000,3178.21165500,1614700799999,154673872.36398197,74708,1340.28285400,65238082.99869603,0
2021-03-02 11:59:59.999,1614700800000,48676.09000000,48718.18000000,47265.79000000,47520.01000000,5366.20531800,1614704399999,257575962.00608259,151798,2348.60968800,112738228.67151534,0
2021-03-02 12:59:59.999,1614704400000,47519.58000000,47982.45000000,47200.00000000,47852.63000000,3662.97735400,1614707999999,174456947.30407828,128730,1829.51643800,87142089.64553995,0
2021-03-02 13:59:59.999,1614708000000,47852.63000000,48030.48000000,47526.31000000,47678.38000000,1994.87417900,1614711599999,95233303.89670687,93769,952.79825600,45494063.33970039,0
2021-03-02 14:59:59.999,1614711600000,47678.38000000,47944.43000000,47144.22000000,47467.43000000,2771.26309500,1614715199999,131747693.06842034,98596,1309.93651000,62301181.25787985,0
2021-03-02 15:59:59.999,1614715200000,47467.43000000,47643.28000000,47047.60000000,47529.57000000,2453.64842600,1614718799999,116231937.36985676,64205,1202.55626400,56972275.63864315,0
2021-03-02 16:59:59.999,1614718800000,47529.57000000,47870.00000000,47273.01000000,47407.03000000,1932.81103100,1614722399999,91943475.69137602,53329,928.83926000,44190501.89233958,0
2021-03-02 17:59:59.999,1614722400000,47407.25000000,47960.00000000,47331.96000000,47789.87000000,1253.98626200,1614725999999,59837463.58720565,47363,580.48573900,27703230.00487398,0
2021-03-02 18:59:59.999,1614726000000,47793.36000000,48489.24000000,47719.70000000,48440.65000000,2859.97632700,1614729599999,137811317.12811264,64383,1511.15246300,72798082.56783824,0
2021-03-02 19:59:59.999,1614729600000,48436.61000000,48745.13000000,48100.71000000,48507.96000000,2531.59123400,1614733199999,122798419.62848665,53077,1177.89221700,57133626.05636271,0
2021-03-02 20:59:59.999,1614733200000,48514.80000000,48882.43000000,48458.38000000,48848.63000000,1643.30219000,1614736799999,80018499.29918459,41210,726.73526000,35389387.98642285,0
2021-03-02 21:59:59.999,1614736800000,48848.63000000,49000.51000000,48528.92000000,48594.07000000,1553.52741800,1614740399999,75752054.89001707,38394,719.59482100,35090864.33090984,0
2021-03-02 22:59:59.999,1614740400000,48594.06000000,48839.27000000,48494.53000000,48704.75000000,1185.08812100,1614743999999,57663580.92956713,40893,607.00264100,29538436.50475996,0
2021-03-02 23:59:59.999,1614744000000,48704.75000000,49327.70000000,48653.09000000,49105.47000000,2790.44936100,1614747599999,136996237.70821637,65457,1488.15755300,73047477.71140269,0
2021-03-03 00:59:59.999,1614747600000,49105.47000000,49466.69000000,48837.00000000,49079.64000000,2164.58725700,1614751199999,106340109.61150006,108475,1065.72382500,52357904.27170272,0
2021-03-03 01:59:59.999,1614751200000,49078.59000000,49637.39000000,49078.59000000,49529.90000000,2958.78076000,1614754799999,146185107.96353998,93723,1666.72251300,82355738.29385587,0
2021-03-03 02:59:59.999,1614754800000,49529.90000000,49960.00000000,49474.11000000,49752.97000000,2792.45951800,1614758399999,138931530.68384826,97584,1459.85421200,72631476.78293404,0
2021-03-03 03:59:59.999,1614758400000,49752.97000000,50998.00000000,49752.97000000,50909.41000000,5488.74934600,1614761999999,277024353.58012751,125973,3143.49451100,158582078.01920919,0
2021-03-03 04:59:59.999,1614762000000,50909.40000000,51495.00000000,50720.00000000,51445.31000000,5106.81950300,1614765599999,261126093.92694194,132698,2763.20349500,141336464.50458270,0
2021-03-03 05:59:59.999,1614765600000,51445.31000000,51756.05000000,51187.07000000,51414.19000000,4520.03804600,1614769199999,232747613.88113270,151516,2397.06561200,123449947.65462317,0
2021-03-03 06:59:59.999,1614769200000,51414.19000000,51777.00000000,51155.33000000,51666.33000000,4391.34593700,1614772799999,226230013.96903974,130413,2396.12146300,123441814.32529159,0
2021-03-03 07:59:59.999,1614772800000,51665.83000000,52575.17000000,51355.00000000,52540.04000000,5714.41055100,1614776399999,296992452.13045612,127191,3308.02935500,171904075.38866856,0
2021-03-03 08:59:59.999,1614776400000,52547.23000000,52640.00000000,51188.31000000,51559.50000000,5758.60323800,1614779999999,298239335.78139556,137323,2804.76765100,145233591.21723580,0
2021-03-03 09:59:59.999,1614780000000,51559.63000000,51564.15000000,50651.00000000,50776.36000000,7069.14955100,1614783599999,360402221.17815262,141576,3365.80942100,171557758.40703310,0
2021-03-03 10:59:59.999,1614783600000,50776.35000000,51155.00000000,50481.00000000,50767.36000000,4526.07871600,1614787199999,229708968.53050298,130473,2035.28169900,103338304.58871397,0
2021-03-03 11:59:59.999,1614787200000,50767.35000000,51444.90000000,50750.02000000,51077.00000000,4984.12482500,1614790799999,254824653.29664886,165716,2300.10871300,117606484.26926302,0
2021-03-03 12:59:59.999,1614790800000,51077.00000000,51449.84000000,50825.18000000,51307.78000000,2696.71573800,1614794399999,138068361.30626659,87905,1283.44169500,65716481.02773078,0
2021-03-03 13:59:59.999,1614794400000,51305.50000000,51600.00000000,51100.00000000,51233.11000000,2318.50380800,1614797999999,119154743.77854526,60959,1156.39773200,59434033.01814201,0
2021-03-03 14:59:59.999,1614798000000,51233.11000000,51257.29000000,50260.00000000,50857.17000000,3237.72893200,1614801599999,164086181.75125293,85121,1481.36872300,75059542.89752790,0
2021-03-03 15:59:59.999,1614801600000,50857.17000000,51172.62000000,50431.37000000,50521.40000000,2027.51565200,1614805199999,103090865.08911168,59000,941.50563200,47881773.56682220,0
2021-03-03 16:59:59.999,1614805200000,50523.93000000,51123.00000000,50364.64000000,50958.60000000,1734.77098600,1614808799999,88022811.63217602,52301,837.51421800,42524598.54984129,0
2021-03-03 17:59:59.999,1614808800000,50956.10000000,51356.86000000,50500.00000000,50577.34000000,1805.80320500,1614812399999,91937030.51610346,60526,858.10618500,43715137.90935652,0
2021-03-03 18:59:59.999,1614812400000,50577.33000000,51068.99000000,50301.50000000,50349.37000000,2035.76981200,1614815999999,103180016.47848618,54627,971.46925200,49259901.39581802,0
2021-03-03 19:59:59.999,1614816000000,50349.37000000,51147.05000000,49850.81000000,50894.48000000,3929.68063600,1614819599999,197918438.70191361,136711,1730.25342400,87217347.38470511,0
2021-03-03 20:59:59.999,1614819600000,50894.48000000,51622.94000000,50714.28000000,51475.19000000,3033.52882300,1614823199999,155800990.35958906,71501,1699.67633300,87308878.17578879,0
2021-03-03 21:59:59.999,1614823200000,51475.14000000,51773.88000000,50790.55000000,50791.63000000,2491.78961200,1614826799999,127904320.77595812,63350,1207.29439800,61990478.73723125,0
2021-03-03 22:59:59.999,1614826800000,50792.02000000,51033.47000000,49401.30000000,49574.89000000,4911.74132000,1614830399999,246022529.21847696,106305,2092.21946100,104801051.58968789,0
2021-03-03 23:59:59.999,1614830400000,49574.89000000,49811.66000000,49010.10000000,49065.33000000,3987.47014200,1614833999999,197194266.54437518,99280,1978.71458700,97856280.97287022,0
2021-03-04 00:59:59.999,1614834000000,49065.32000000,49698.43000000,49034.81000000,49661.35000000,2844.02402400,1614837599999,140413615.69223364,102342,1521.52767900,75117152.19597829,0
2021-03-04 01:59:59.999,1614837600000,49664.40000000,49870.00000000,49237.49000000,49393.07000000,2645.16712500,1614841199999,131018764.94435118,72059,1176.34274000,58273254.52288077,0
2021-03-04 02:59:59.999,1614841200000,49393.08000000,49816.00000000,49320.00000000,49696.49000000,2234.03931000,1614844799999,110828678.90419889,109498,1055.00032200,52337421.41246901,0
2021-03-04 03:59:59.999,1614844800000,49701.37000000,50756.23000000,49688.46000000,50221.61000000,4072.44769000,1614848399999,205017535.42104988,98949,1920.06207300,96645888.47671643,0
2021-03-04 04:59:59.999,1614848400000,50221.67000000,50225.00000000,48524.86000000,49069.98000000,5990.24725100,1614851999999,293836706.53748163,155675,2850.86327900,139805295.23980407,0
2021-03-04 05:59:59.999,1614852000000,49069.99000000,49562.49000000,48747.46000000,49219.42000000,3159.20152200,1614855599999,155318797.62700935,82160,1450.19468900,71297604.04786283,0
2021-03-04 06:59:59.999,1614855600000,49216.96000000,49499.00000000,48898.64000000,49323.32000000,2362.81813700,1614859199999,116380363.77900442,79907,1225.97429300,60394695.34874380,0
2021-03-04 07:59:59.999,1614859200000,49323.31000000,49764.92000000,49113.63000000,49355.84000000,2548.53514900,1614862799999,125917611.75631470,106501,1271.47501100,62830402.83400939,0
2021-03-04 08:59:59.999,1614862800000,49355.85000000,49710.00000000,48721.43000000,49633.44000000,3379.86793700,1614866399999,166619030.46277974,90032,1744.42532100,86010212.06358469,0
2021-03-04 09:59:59.999,1614866400000,49633.44000000,50569.41000000,49205.13000000,49422.53000000,4935.92384900,1614869999999,245794766.67514644,122141,2398.65822600,119450300.31675610,0
2021-03-04 10:59:59.999,1614870000000,49422.53000000,49812.41000000,48829.07000000,49412.60000000,4123.16341300,1614873599999,203320373.60060322,103220,2125.30199900,104800742.77860544,0
2021-03-04 11:59:59.999,1614873600000,49412.60000000,50033.92000000,49300.01000000,49693.59000000,2731.21131900,1614877199999,135736787.73498519,81783,1392.03344700,69191403.27582915,0
2021-03-04 12:59:59.999,1614877200000,49694.60000000,49927.34000000,48319.36000000,48508.07000000,4940.77189000,1614880799999,242741823.79543321,124202,2414.98676600,118688903.20083292,0
2021-03-04 13:59:59.999,1614880800000,48508.01000000,48666.66000000,47588.52000000,47600.01000000,5960.91355300,1614884399999,286835970.47422675,144059,2727.59863900,131306475.85429757,0
2021-03-04 14:59:59.999,1614884400000,47600.00000000,48394.04000000,47596.29000000,48000.36000000,3689.38935300,1614887999999,177510471.16833480,115542,1802.29835200,86688235.65910484,0
2021-03-04 15:59:59.999,1614888000000,48000.37000000,48270.99000000,47500.00000000,48221.00000000,3058.63060700,1614891599999,146501948.75320175,76424,1483.31950500,71073269.89941984,0
2021-03-04 16:59:59.999,1614891600000,48221.00000000,48434.68000000,47800.00000000,47955.77000000,1971.81794600,1614895199999,94901008.52759783,51084,1041.88162500,50141918.29659669,0
2021-03-04 17:59:59.999,1614895200000,47955.78000000,48350.00000000,47859.16000000,48249.99000000,1346.51845200,1614898799999,64853394.20502821,50261,732.94692900,35308935.56370703,0
2021-03-04 18:59:59.999,1614898800000,48249.99000000,48710.94000000,48049.00000000,48374.09000000,2300.81776900,1614902399999,111449045.19746825,48950,1226.92879000,59419406.95733242,0
2021-03-04 19:59:59.999,1614902400000,48374.09000000,48376.20000000,46512.90000000,46829.84000000,6980.75137400,1614905999999,328721516.54924524,147184,2850.39814000,134215808.17783862,0
2021-03-04 20:59:59.999,1614906000000,46829.84000000,47000.00000000,46300.00000000,46709.94000000,4433.21166500,1614909599999,206693722.64967049,110525,2172.25014500,101302132.56477424,0
2021-03-04 21:59:59.999,1614909600000,46709.95000000,47180.85000000,46366.33000000,47108.28000000,3350.86472100,1614913199999,156723197.32219965,72991,1732.80657400,81056202.99890545,0
2021-03-04 22:59:59.999,1614913200000,47107.25000000,47339.00000000,46800.88000000,47289.81000000,2239.18266700,1614916799999,105421027.90991740,61052,1025.98802000,48309932.46178079,0
2021-03-04 23:59:59.999,1614916800000,47289.81000000,47307.69000000,46500.00000000,46679.08000000,2082.33394200,1614920399999,97950064.72169799,49715,876.45557600,41235865.38349453,0
2021-03-05 00:59:59.999,1614920400000,46670.26000000,47253.17000000,46665.73000000,47153.13000000,2232.82222600,1614923999999,104974819.51468483,88227,1125.10198900,52905458.28653990,0
2021-03-05 01:59:59.999,1614924000000,47153.13000000,47442.01000000,46954.81000000,47396.56000000,2085.31822600,1614927599999,98517743.60347576,53209,1051.94983300,49709329.18608152,0
2021-03-05 02:59:59.999,1614927600000,47396.56000000,47547.00000000,47010.89000000,47380.00000000,2244.81060200,1614931199999,106162561.02350319,54941,1154.78843200,54615062.09516183,0
2021-03-05 03:59:59.999,1614931200000,47380.00000000,47500.00000000,46418.12000000,46634.35000000,3887.95356200,1614934799999,182154304.92190576,84285,1868.71969900,87561478.41656940,0
2021-03-05 04:59:59.999,1614934800000,46635.75000000,47157.43000000,46530.00000000,47063.51000000,2099.12380600,1614938399999,98404068.56155052,81748,1069.29766400,50123416.57233001,0
2021-03-05 05:59:59.999,1614938400000,47063.50000000,47229.79000000,46780.01000000,47080.97000000,2049.14217000,1614941999999,96466965.17676227,56548,1022.73574500,48147056.34526113,0
2021-03-05 06:59:59.999,1614942000000,47080.96000000,47523.59000000,47080.96000000,47478.87000000,2364.22037600,1614945599999,111937863.72534426,60511,1234.42823500,58449332.72046962,0
2021-03-05 07:59:59.999,1614945600000,47478.86000000,47880.00000000,46974.32000000,47649.99000000,3769.82325300,1614949199999,179062291.78839200,91969,1890.51077600,89822202.81165216,0
2021-03-05 08:59:59.999,1614949200000,47650.00000000,48296.93000000,47325.94000000,48056.18000000,4933.82732300,1614952799999,236340662.63323138,112419,2398.93031500,114929846.39371217,0
2021-03-05 09:59:59.999,1614952800000,48061.21000000,48728.21000000,47936.51000000,48136.81000000,5144.60762100,1614956399999,248717770.50665324,116319,2514.10997600,121555662.47912867,0
2021-03-05 10:59:59.999,1614956400000,48136.82000000,48698.19000000,47837.83000000,47867.45000000,3709.70111800,1614959999999,178860366.42656119,137384,1948.05050400,93911930.76677332,0
2021-03-05 11:59:59.999,1614960000000,47867.45000000,47867.45000000,46885.00000000,47658.14000000,5565.80565100,1614963599999,264110340.34202984,145730,2898.83900300,137588239.24386049,0
2021-03-05 12:59:59.999,1614963600000,47656.65000000,48237.42000000,47320.00000000,48096.01000000,3532.14967600,1614967199999,169030691.69754073,73267,1771.06620500,84768832.99502807,0
2021-03-05 13:59:59.999,1614967200000,48096.00000000,48558.50000000,47918.38000000,48478.11000000,3039.36504800,1614970799999,146912674.73393674,102775,1519.11297900,73436368.93067457,0
2021-03-05 14:59:59.999,1614970800000,48478.12000000,49400.00000000,48310.40000000,49295.47000000,3687.78444400,1614974399999,180194817.83148679,81593,2000.57971300,97749213.50761805,0
2021-03-05 15:59:59.999,1614974400000,49285.76000000,49448.93000000,48832.17000000,49173.85000000,2917.73505300,1614977999999,143449027.15022502,98086,1373.60348600,67531426.71356788,0
2021-03-05 16:59:59.999,1614978000000,49173.85000000,49398.00000000,48890.97000000,49035.21000000,2046.17724000,1614981599999,100533176.65973319,49623,901.49816000,44284505.17435807,0
2021-03-05 17:59:59.999,1614981600000,49035.20000000,49389.99000000,48673.71000000,49061.76000000,1773.89885300,1614985199999,87064645.44800825,68027,847.37477500,41588318.89630794,0
2021-03-05 18:59:59.999,1614985200000,49061.77000000,49160.29000000,48579.59000000,48751.71000000,2021.88575500,1614988799999,98728783.93955465,56088,1069.71443300,52227389.09566100,0
2021-03-05 19:59:59.999,1614988800000,48746.81000000,49156.00000000,48675.67000000,48808.05000000,1845.19339200,1614992399999,90328263.10627944,50809,831.66585500,40712519.85447785,0
2021-03-05 20:59:59.999,1614992400000,48807.83000000,48901.65000000,48520.00000000,48647.38000000,1293.84492500,1614995999999,62960628.37109181,36753,686.71059800,33415823.72733721,0
2021-03-05 22:59:59.999,1614999600000,48647.37000000,48801.81000000,48350.00000000,48657.72000000,818.44067300,1615003199999,39764114.17495608,24356,390.87255100,18994831.45205219,0
2021-03-05 23:59:59.999,1615003200000,48657.72000000,48687.49000000,48115.83000000,48451.16000000,1726.74406000,1615006799999,83446085.40417748,65417,838.47796700,40521172.94952703,0
2021-03-06 00:59:59.999,1615006800000,48450.12000000,48895.32000000,48193.00000000,48496.28000000,1653.75943400,1615010399999,80307401.56732063,60397,797.99258200,38755342.22985057,0
2021-03-06 01:59:59.999,1615010400000,48496.27000000,48971.29000000,48482.17000000,48922.00000000,1754.07195500,1615013999999,85589315.54183216,45201,814.31175800,39727407.03789698,0
2021-03-06 02:59:59.999,1615014000000,48922.00000000,49117.32000000,48772.24000000,48820.12000000,1647.18114200,1615017599999,80636495.63993865,44370,828.00818800,40541376.07465345,0
2021-03-06 03:59:59.999,1615017600000,48820.13000000,49100.00000000,48600.00000000,48641.64000000,2233.92258700,1615021199999,109189858.35294529,94092,1019.19495900,49830387.27238900,0
2021-03-06 04:59:59.999,1615021200000,48641.65000000,48785.00000000,48270.01000000,48335.10000000,1882.87757900,1615024799999,91307735.75840453,48858,968.13415000,46956183.45522934,0
2021-03-06 05:59:59.999,1615024800000,48335.22000000,48499.99000000,48000.00000000,48035.36000000,2154.95648200,1615028399999,103866218.01211190,86010,799.33601400,38574224.33102557,0
2021-03-06 06:59:59.999,1615028400000,48035.37000000,48331.91000000,48000.00000000,48171.01000000,1402.21562700,1615031999999,67556132.69875654,65040,720.06973300,34694811.70184996,0
2021-03-06 07:59:59.999,1615032000000,48171.02000000,48212.85000000,47401.82000000,47660.74000000,3296.63806100,1615035599999,157314265.41861050,107114,1500.30716100,71558286.31501310,0
2021-03-06 08:59:59.999,1615035600000,47660.75000000,47753.39000000,47070.00000000,47320.30000000,3107.86133500,1615039199999,147223560.49443072,111334,1571.47825100,74445086.16189465,0
2021-03-06 09:59:59.999,1615039200000,47320.30000000,47725.51000000,47201.12000000,47560.96000000,1820.41148200,1615042799999,86454116.60397910,85390,887.38063000,42145146.74546724,0
2021-03-06 10:59:59.999,1615042800000,47562.67000000,47712.69000000,47238.32000000,47267.88000000,1475.15553400,1615046399999,70130991.28769348,64970,643.01072600,30570476.13868999,0
2021-03-06 11:59:59.999,1615046400000,47267.88000000,47941.03000000,47104.85000000,47757.43000000,2487.13413100,1615049999999,118538409.63733009,67272,1233.57733000,58804306.46299256,0
2021-03-06 12:59:59.999,1615050000000,47755.08000000,48450.00000000,47655.01000000,48250.69000000,2674.93363700,1615053599999,128615238.60874081,74126,1417.64681900,68178381.97808647,0
2021-03-06 13:59:59.999,1615053600000,48250.70000000,48623.00000000,48109.79000000,48473.30000000,2003.05469900,1615057199999,96878694.16266076,60766,1000.80385800,48414740.66004490,0
2021-03-06 14:59:59.999,1615057200000,48473.30000000,48690.60000000,48248.27000000,48341.01000000,1584.42261600,1615060799999,76741497.69559580,55227,752.46265000,36448564.22125696,0
2021-03-06 15:59:59.999,1615060800000,48341.00000000,48734.84000000,48223.36000000,48518.50000000,2390.26653700,1615064399999,115903829.22444935,64961,1131.75658000,54877668.79805545,0
2021-03-06 16:59:59.999,1615064400000,48518.51000000,48723.00000000,48264.63000000,48578.71000000,1716.06082200,1615067999999,83333485.92817200,45864,853.45273200,41443886.40759648,0
2021-03-06 17:59:59.999,1615068000000,48577.22000000,49200.00000000,48463.75000000,48920.88000000,1991.42598100,1615071599999,97393078.60634556,64007,1087.31707300,53176565.98816272,0
2021-03-06 18:59:59.999,1615071600000,48920.87000000,49120.01000000,48805.00000000,48882.20000000,1438.66155100,1615075199999,70431288.99568053,54140,726.64745200,35578683.01640515,0
2021-03-06 19:59:59.999,1615075200000,48882.20000000,49312.00000000,48882.20000000,49203.25000000,2100.25945600,1615078799999,103198224.50174948,50983,970.03890400,47668550.32244923,0
2021-03-06 20:59:59.999,1615078800000,49203.25000000,49490.00000000,48982.17000000,49121.95000000,2165.86194700,1615082399999,106634203.07368673,55306,1075.88714600,52971496.16525737,0
2021-03-06 21:59:59.999,1615082400000,49121.95000000,49851.00000000,49052.91000000,49550.58000000,2579.98201800,1615085999999,127803055.39798113,66389,1312.80248700,65019805.77740570,0
2021-03-06 22:59:59.999,1615086000000,49550.57000000,49900.99000000,49433.88000000,49551.44000000,1952.16124400,1615089599999,96921817.82949490,45080,1107.94368900,55006437.20451545,0
2021-03-06 23:59:59.999,1615089600000,49551.43000000,49687.98000000,49296.80000000,49436.18000000,1523.22473900,1615093199999,75402078.26888658,39760,800.13952600,39611555.27593347,0
2021-03-07 00:59:59.999,1615093200000,49436.18000000,49459.25000000,49111.11000000,49342.00000000,1579.32018600,1615096799999,77820439.49386912,42161,804.41909400,39636770.77620378,0
2021-03-07 01:59:59.999,1615096800000,49342.00000000,49650.00000000,49146.68000000,49458.56000000,1487.21177300,1615100399999,73428065.58674330,40988,782.70461900,38646695.30076986,0
2021-03-07 02:59:59.999,1615100400000,49459.61000000,50179.17000000,49327.57000000,50052.68000000,1987.00673700,1615103999999,98810047.42277223,59667,1170.22996700,58216821.35403710,0
2021-03-07 03:59:59.999,1615104000000,50041.84000000,50839.54000000,50041.84000000,50383.09000000,4309.51042700,1615107599999,217681721.76721014,102837,2278.35695200,115075147.33173563,0
2021-03-07 04:59:59.999,1615107600000,50384.11000000,51148.22000000,50384.11000000,50943.02000000,4216.98337700,1615111199999,214282778.69557453,92581,1954.81008400,99350510.16871535,0
2021-03-07 05:59:59.999,1615111200000,50942.82000000,50985.84000000,50448.30000000,50612.92000000,2825.81054000,1615114799999,143295200.53975447,77271,1378.18459300,69882515.37060364,0
2021-03-07 06:59:59.999,1615114800000,50612.92000000,50899.22000000,50472.81000000,50705.52000000,2058.27371500,1615118399999,104312732.69251849,95481,966.46236400,48974258.26926097,0
2021-03-07 07:59:59.999,1615118400000,50705.52000000,50827.68000000,50391.19000000,50746.20000000,1924.67203300,1615121999999,97483869.91578244,98865,982.09945300,49745023.69876585,0
2021-03-07 08:59:59.999,1615122000000,50746.20000000,50850.00000000,50504.22000000,50764.44000000,1476.16870900,1615125599999,74825391.39357174,78201,786.47793900,39869761.83968621,0
2021-03-07 09:59:59.999,1615125600000,50764.44000000,51250.00000000,50130.65000000,50646.34000000,3464.33850600,1615129199999,175437666.26768617,132882,1812.38114600,91831991.42017184,0
2021-03-07 10:59:59.999,1615129200000,50644.47000000,50827.93000000,50375.00000000,50585.23000000,1711.75694000,1615132799999,86620570.80002084,82961,831.83894100,42101517.74190130,0
2021-03-07 11:59:59.999,1615132800000,50585.23000000,51352.10000000,50585.23000000,51052.90000000,3580.06799000,1615136399999,182478941.68802877,142491,1928.84970800,98306982.13874969,0
2021-03-07 12:59:59.999,1615136400000,51052.89000000,51201.00000000,50757.59000000,51075.93000000,2180.45262000,1615139999999,111189339.99283847,72122,1004.53434100,51215894.92970774,0
2021-03-07 13:59:59.999,1615140000000,51075.92000000,51085.71000000,50368.20000000,50412.31000000,1905.27267300,1615143599999,96571297.83960345,55137,823.15249100,41713682.58501177,0
2021-03-07 14:59:59.999,1615143600000,50412.31000000,50580.21000000,50250.00000000,50381.68000000,1644.62770800,1615147199999,82922192.40165974,56614,777.78155300,39217774.29134322,0
2021-03-07 15:59:59.999,1615147200000,50381.69000000,50381.69000000,49758.01000000,50036.64000000,2640.36389100,1615150799999,131910392.54777115,75982,1291.97714300,64531393.41747630,0
2021-03-07 16:59:59.999,1615150800000,50036.63000000,50265.81000000,49833.08000000,50086.12000000,1456.99025200,1615154399999,72905828.80531929,46097,737.53448100,36904326.21658190,0
2021-03-07 17:59:59.999,1615154400000,50086.11000000,50784.12000000,49986.39000000,50498.55000000,1517.24544000,1615157999999,76506985.44567601,57815,805.72865300,40637640.32013040,0
2021-03-07 18:59:59.999,1615158000000,50498.56000000,51450.03000000,50480.89000000,50971.75000000,2947.46511100,1615161599999,150433067.08092704,90430,1501.26169000,76646327.80473961,0
2021-03-07 19:59:59.999,1615161600000,50959.11000000,51685.00000000,50843.59000000,51491.10000000,3257.85465200,1615165199999,167532220.80472599,87283,1664.75015900,85625625.09715073,0
2021-03-07 20:59:59.999,1615165200000,51491.10000000,51847.38000000,51250.05000000,51557.70000000,2584.40645400,1615168799999,133321736.21101052,68603,1386.32360900,71527975.71411801,0
2021-03-07 21:59:59.999,1615168800000,51557.70000000,51594.22000000,50481.84000000,50730.82000000,2903.06562400,1615172399999,148006873.56592111,91650,1345.21497000,68578272.37141787,0
2021-03-07 22:59:59.999,1615172400000,50730.82000000,50808.32000000,50234.98000000,50598.49000000,2601.68625600,1615175999999,131406016.57716334,78549,1357.85207700,68578506.12065437,0
2021-03-07 23:59:59.999,1615176000000,50598.49000000,50598.50000000,50100.00000000,50417.44000000,2251.80367300,1615179599999,113395708.42521138,74157,976.48451800,49163995.41399760,0
2021-03-08 00:59:59.999,1615179600000,50417.45000000,50816.16000000,50355.16000000,50765.77000000,2044.28415900,1615183199999,103420379.41058103,50504,869.21726000,43967243.94008993,0
2021-03-08 01:59:59.999,1615183200000,50765.77000000,50944.00000000,50150.42000000,50274.76000000,2858.16042200,1615186799999,144355922.99870986,68636,1336.25596400,67455288.09774121,0
2021-03-08 02:59:59.999,1615186800000,50274.76000000,50427.53000000,49521.20000000,49755.24000000,4023.21432200,1615190399999,200668275.32925711,144588,1873.21801200,93429823.19165830,0
2021-03-08 03:59:59.999,1615190400000,49755.24000000,49888.59000000,49274.67000000,49880.35000000,3692.48248300,1615193999999,183134555.22723845,113084,2047.76088700,101577562.53025498,0
2021-03-08 04:59:59.999,1615194000000,49880.49000000,50099.97000000,49400.00000000,49880.00000000,2802.45034100,1615197599999,139353571.38893106,87412,1425.30809600,70870549.56441601,0
2021-03-08 05:59:59.999,1615197600000,49883.13000000,50271.67000000,49682.30000000,50061.00000000,2791.02336900,1615201199999,139630861.87948468,83384,1306.78230300,65377786.40296342,0
2021-03-08 06:59:59.999,1615201200000,50061.01000000,50560.00000000,49878.00000000,50496.82000000,2218.68353400,1615204799999,111303263.46838359,67392,1046.06135000,52500038.21727070,0
2021-03-08 07:59:59.999,1615204800000,50490.39000000,50550.00000000,50100.01000000,50275.00000000,2463.59128000,1615208399999,123859515.93219230,106998,1230.16748800,61832507.38718820,0
2021-03-08 08:59:59.999,1615208400000,50274.58000000,51065.63000000,50265.16000000,50978.43000000,3657.93876700,1615211999999,185567165.97821940,96513,1959.70080200,99433094.01405771,0
2021-03-08 09:59:59.999,1615212000000,50978.42000000,51233.00000000,50122.45000000,50740.90000000,3500.51925400,1615215599999,177662740.73706399,90866,1728.69959400,87764612.54062723,0
2021-03-08 10:59:59.999,1615215600000,50744.26000000,51220.00000000,50541.67000000,51054.99000000,3226.78819100,1615219199999,164440816.09683350,100209,1585.30549900,80788201.25393567,0
2021-03-08 11:59:59.999,1615219200000,51055.00000000,51175.00000000,50550.01000000,50664.91000000,2348.85657100,1615222799999,119420974.82149234,94450,1086.43708300,55242344.20254800,0
2021-03-08 12:59:59.999,1615222800000,50664.91000000,50880.00000000,50630.00000000,50809.04000000,1704.21204600,1615226399999,86504651.13651521,50012,847.61082300,43022964.53166323,0
2021-03-08 13:59:59.999,1615226400000,50801.55000000,51075.40000000,50732.36000000,50803.18000000,1705.52357700,1615229999999,86766065.46065339,55683,906.68032900,46127826.51742071,0
2021-03-08 14:59:59.999,1615230000000,50803.19000000,51485.35000000,50790.00000000,51310.82000000,2750.06832100,1615233599999,140806609.39956926,78017,1554.60407500,79595830.83252232,0
2021-03-08 15:59:59.999,1615233600000,51310.82000000,51996.58000000,51236.20000000,51759.63000000,3743.68592700,1615237199999,193227154.41797584,91822,2046.41460200,105638054.54415526,0
2021-03-08 16:59:59.999,1615237200000,51762.77000000,51927.00000000,51505.00000000,51848.33000000,2386.92988300,1615240799999,123383951.07238626,69111,1226.12339700,63380257.47346715,0
2021-03-08 17:59:59.999,1615240800000,51848.34000000,51900.00000000,51300.00000000,51599.99000000,2086.90564400,1615244399999,107715294.63750250,64080,996.38337000,51424034.54236948,0
2021-03-08 18:59:59.999,1615244400000,51599.99000000,52402.78000000,51599.99000000,52375.17000000,3383.22491400,1615247999999,175963606.05905191,86398,1792.07330300,93215403.60381130,0
2021-03-08 19:59:59.999,1615248000000,52375.18000000,52540.48000000,51789.41000000,52020.23000000,3791.40283500,1615251599999,197912696.36021609,87276,1664.14966100,86874880.25037327,0
2021-03-08 20:59:59.999,1615251600000,52020.24000000,53760.00000000,51981.26000000,53575.35000000,7510.12043300,1615255199999,399283702.06985720,175064,3768.11309800,200164678.25920825,0
2021-03-08 21:59:59.999,1615255200000,53575.35000000,53799.00000000,53250.41000000,53592.70000000,3698.60810800,1615258799999,197955885.60833725,85448,1754.37336900,93895295.30641556,0
2021-03-08 22:59:59.999,1615258800000,53592.84000000,54100.00000000,53452.47000000,53840.62000000,3755.86080800,1615262399999,202076703.45060345,123817,2013.20313100,108337810.89619365,0
2021-03-08 23:59:59.999,1615262400000,53840.63000000,54040.00000000,53484.44000000,53678.88000000,2461.50389000,1615265999999,132389835.35042694,105442,1212.58073500,65232255.48113861,0
2021-03-09 00:59:59.999,1615266000000,53684.14000000,54400.80000000,53681.44000000,54254.52000000,3270.83220000,1615269599999,177122662.01191597,105492,1617.87522500,87612894.14903043,0
2021-03-09 01:59:59.999,1615269600000,54254.52000000,54448.00000000,53737.00000000,53847.64000000,3100.27232600,1615273199999,167775430.98412366,105727,1472.88790800,79711132.13164485,0
2021-03-09 02:59:59.999,1615273200000,53847.64000000,53890.92000000,53409.57000000,53546.90000000,3215.78379400,1615276799999,172686602.92112191,89948,1660.18673600,89151626.76902997,0
2021-03-09 03:59:59.999,1615276800000,53546.89000000,54168.99000000,53274.96000000,54023.79000000,2853.62344200,1615280399999,153610890.80429791,85740,1417.53674300,76321973.66824262,0
2021-03-09 04:59:59.999,1615280400000,54023.79000000,54270.27000000,53872.05000000,54112.50000000,2719.14579200,1615283999999,147119316.09875463,109901,1324.06080600,71645321.27726512,0
2021-03-09 05:59:59.999,1615284000000,54112.50000000,54355.00000000,53875.00000000,54159.52000000,3441.45900400,1615287599999,186327392.60715713,84266,1855.50604200,100465270.82105504,0
2021-03-09 06:59:59.999,1615287600000,54159.52000000,54293.97000000,53917.21000000,54233.32000000,2086.75598400,1615291199999,112971333.32137995,74794,1091.29870400,59083177.99982496,0
2021-03-09 07:59:59.999,1615291200000,54235.88000000,54236.70000000,53538.77000000,53725.50000000,2514.80248000,1615294799999,135616547.02971201,85101,1219.35717200,65770018.74282352,0
2021-03-09 08:59:59.999,1615294800000,53725.49000000,54815.84000000,53664.21000000,54779.99000000,4188.62268200,1615298399999,227723165.86607819,95413,2150.28053700,116843910.89693138,0
2021-03-09 09:59:59.999,1615298400000,54780.26000000,54787.99000000,54364.32000000,54488.22000000,3828.42272800,1615301999999,208801703.42261675,88343,1713.49493600,93455110.78079582,0
2021-03-09 10:59:59.999,1615302000000,54491.33000000,54515.22000000,53852.36000000,54097.02000000,3283.75887800,1615305599999,178144082.57325058,87761,1620.73577500,87930796.04115975,0
2021-03-09 11:59:59.999,1615305600000,54097.03000000,54338.00000000,53750.00000000,54098.11000000,2509.81294500,1615309199999,135766937.13154166,81155,1198.87510800,64862537.00357689,0
2021-03-09 12:59:59.999,1615309200000,54098.10000000,54272.05000000,53770.71000000,53793.76000000,1643.37624400,1615312799999,88748904.97034261,55343,756.51538000,40857782.17084192,0
2021-03-09 13:59:59.999,1615312800000,53793.75000000,54046.78000000,53626.97000000,53885.96000000,1917.18194000,1615316399999,103252757.97341270,64916,853.52832300,45971308.90448470,0
2021-03-09 14:59:59.999,1615316400000,53885.96000000,54225.35000000,53790.00000000,54108.79000000,1688.78796300,1615319999999,91204342.10730320,52793,764.36135600,41284647.62990380,0
2021-03-09 15:59:59.999,1615320000000,54108.79000000,54584.19000000,54052.76000000,54326.14000000,2231.22065500,1615323599999,121220201.85818624,64958,919.93164000,49982072.82172721,0
2021-03-09 16:59:59.999,1615323600000,54326.14000000,54519.47000000,53882.52000000,54278.61000000,2200.55778200,1615327199999,119259800.97293867,107247,991.92819400,53764999.76525669,0
2021-03-09 17:59:59.999,1615327200000,54278.61000000,54860.28000000,54139.10000000,54808.75000000,1795.94455500,1615330799999,97889012.49945934,110379,998.30357900,54433604.60717156,0
2021-03-09 18:59:59.999,1615330800000,54808.76000000,54895.00000000,54474.99000000,54884.50000000,1948.87960800,1615334399999,106591056.66186947,68074,972.45692800,53191667.31053432,0
2021-03-09 19:59:59.999,1615334400000,54874.67000000,55763.00000000,54782.93000000,55510.00000000,5030.93125900,1615337999999,278163888.80423138,123240,2865.37255900,158451994.67947400,0
2021-03-09 20:59:59.999,1615338000000,55510.01000000,55813.09000000,54468.26000000,54676.87000000,3691.17587200,1615341599999,203388526.25539069,108462,1723.70589000,95018007.02153540,0
2021-03-09 21:59:59.999,1615341600000,54676.86000000,54676.87000000,53300.00000000,53936.44000000,5819.53214700,1615345199999,313787381.36255326,184750,2818.00969300,151971986.61652164,0
2021-03-09 22:59:59.999,1615345200000,53936.43000000,54126.67000000,53134.80000000,53467.80000000,3497.09674400,1615348799999,187553477.50767544,128407,1721.73624900,92340567.68327365,0
2021-03-09 23:59:59.999,1615348800000,53468.33000000,53837.16000000,53332.46000000,53647.63000000,1979.67065800,1615352399999,106022641.77677777,90802,1016.04946000,54420863.19915381,0
2021-03-10 00:59:59.999,1615352400000,53647.63000000,53692.21000000,53005.00000000,53651.39000000,2203.22310100,1615355999999,117817036.44144045,61148,1003.51678300,53671721.06711454,0
2021-03-10 01:59:59.999,1615356000000,53651.38000000,54065.65000000,53510.01000000,53864.41000000,2538.97931000,1615359599999,136586624.91054384,66401,1181.66589300,63576141.89829709,0
2021-03-10 02:59:59.999,1615359600000,53864.40000000,54407.74000000,53826.26000000,54173.38000000,3010.88572800,1615363199999,163063921.96133852,73576,1305.89170000,70694918.41897156,0
2021-03-10 03:59:59.999,1615363200000,54177.47000000,54734.96000000,54032.38000000,54632.79000000,2225.61026900,1615366799999,121263076.05268722,68375,1075.33229800,58597179.33791266,0
2021-03-10 04:59:59.999,1615366800000,54632.78000000,55444.00000000,54300.11000000,55227.99000000,3499.58051200,1615370399999,192174619.38342005,117610,1883.97487600,103469981.96843685,0
2021-03-10 05:59:59.999,1615370400000,55228.00000000,55389.00000000,54679.95000000,54832.98000000,2604.47748200,1615373999999,143232395.10989021,74415,1258.61416200,69219098.23965225,0
2021-03-10 06:59:59.999,1615374000000,54832.99000000,54991.00000000,54512.00000000,54858.47000000,2400.09979600,1615377599999,131435336.54839869,72473,1242.54503400,68049556.66874276,0
2021-03-10 07:59:59.999,1615377600000,54858.47000000,55481.28000000,54834.00000000,55219.99000000,2894.17949200,1615381199999,159715138.18974388,96315,1435.42521300,79210645.41164055,0
2021-03-10 08:59:59.999,1615381200000,55219.99000000,56333.00000000,55139.01000000,56262.56000000,5022.45430700,1615384799999,280601614.94202186,168592,2834.61204000,158395300.22812159,0
2021-03-10 09:59:59.999,1615384800000,56260.09000000,56400.00000000,55761.66000000,56092.62000000,4222.23944600,1615388399999,236711475.65369735,105277,2216.06998300,124253250.76830775,0
2021-03-10 10:59:59.999,1615388400000,56092.62000000,56489.66000000,55952.63000000,56328.81000000,3869.22929400,1615391999999,217544118.14182842,119846,2033.89209200,114362468.87187820,0
2021-03-10 11:59:59.999,1615392000000,56328.81000000,57075.92000000,56100.00000000,57009.53000000,4890.44202100,1615395599999,276608476.15814133,158136,2688.45561000,152151018.94701652,0
2021-03-10 12:59:59.999,1615395600000,57009.53000000,57100.00000000,56366.00000000,56860.01000000,4201.85636100,1615399199999,238726485.19676862,112830,2078.51722400,118097883.35913201,0
2021-03-10 13:59:59.999,1615399200000,56860.01000000,57100.00000000,56566.00000000,56730.54000000,3021.74944600,1615402799999,171672296.48973269,112253,1527.95686100,86833386.89608197,0
2021-03-10 14:59:59.999,1615402800000,56730.55000000,57387.69000000,56595.76000000,56739.40000000,3678.78143400,1615406399999,209778225.64322700,113397,1948.74731500,111142625.66022464,0
2021-03-10 15:59:59.999,1615406400000,56739.40000000,56894.11000000,56037.15000000,56266.00000000,4313.70234300,1615409999999,243351448.84513943,103580,2056.77838800,116032467.81399536,0
2021-03-10 16:59:59.999,1615410000000,56266.00000000,57045.22000000,55530.01000000,56918.40000000,4757.62006100,1615413599999,267433343.98345132,137896,2238.29399300,125891109.13654264,0
2021-03-10 17:59:59.999,1615413600000,56919.10000000,57225.73000000,56476.95000000,56905.37000000,2148.26032300,1615417199999,122097690.91867705,122720,1031.85684900,58640715.97042828,0
2021-03-10 18:59:59.999,1615417200000,56905.37000000,56950.00000000,55800.00000000,55851.59000000,3227.46153700,1615420799999,181468323.08243598,126783,1464.86724000,82363403.00431579,0
2021-03-10 19:59:59.999,1615420800000,55851.59000000,56499.98000000,55505.00000000,55601.55000000,3761.55064900,1615424399999,210353015.90269695,90868,1696.50550100,94915524.54606974,0
2021-03-10 20:59:59.999,1615424400000,55607.55000000,55947.36000000,55170.22000000,55781.92000000,2880.27800500,1615427999999,159874580.29863754,101593,1368.35340200,75951107.75153002,0
2021-03-10 21:59:59.999,1615428000000,55781.91000000,56323.51000000,55649.93000000,56314.58000000,2435.82663700,1615431599999,136454058.76350731,75084,1144.62183700,64131823.51034431,0
2021-03-10 22:59:59.999,1615431600000,56316.41000000,56483.11000000,55599.00000000,55992.60000000,2196.10924700,1615435199999,122958150.58607872,55310,1008.88913300,56489560.21144334,0
2021-03-10 23:59:59.999,1615435200000,55992.60000000,56179.87000000,55603.66000000,55835.40000000,1923.30227900,1615438799999,107433105.09803673,53208,867.97644500,48494019.10522811,0
2021-03-11 00:59:59.999,1615438800000,55835.39000000,55835.39000000,55200.80000000,55275.32000000,2300.08825500,1615442399999,127532060.63464739,59755,1026.44407700,56917529.14522981,0
2021-03-11 01:59:59.999,1615442400000,55275.32000000,55767.15000000,55005.00000000,55557.94000000,2896.87139900,1615445999999,160614869.33489713,88276,1212.49627000,67219434.03965599,0
2021-03-11 02:59:59.999,1615446000000,55555.13000000,55797.07000000,55005.00000000,55034.20000000,2820.53245100,1615449599999,156384279.72275556,67395,1232.04863500,68339656.64406550,0
2021-03-11 03:59:59.999,1615449600000,55034.21000000,55093.53000000,54272.82000000,54761.02000000,5458.58310800,1615453199999,298607963.54632673,163889,2560.04374100,140024508.03798743,0
2021-03-11 04:59:59.999,1615453200000,54761.01000000,54928.43000000,54431.86000000,54474.27000000,2587.03118800,1615456799999,141452638.84688428,104738,1153.32501000,63068186.21338541,0
2021-03-11 05:59:59.999,1615456800000,54474.27000000,55612.95000000,54414.40000000,55530.60000000,3587.14363000,1615460399999,197503390.76972889,103026,1736.73689000,95653283.58413024,0
2021-03-11 06:59:59.999,1615460400000,55530.59000000,56270.75000000,55407.18000000,56227.34000000,3528.16672500,1615463999999,196688903.37317042,137451,1746.61171400,97389590.63372770,0
2021-03-11 07:59:59.999,1615464000000,56233.42000000,56445.09000000,55702.09000000,56272.54000000,3821.53970800,1615467599999,214419408.69514294,120863,2079.66945400,116708252.86877621,0
2021-03-11 08:59:59.999,1615467600000,56275.00000000,56999.00000000,56272.54000000,56921.18000000,3907.83970500,1615471199999,221504818.85517440,105871,2166.02927900,122786018.61260917,0
2021-03-11 09:59:59.999,1615471200000,56921.18000000,57238.50000000,56462.48000000,56815.13000000,4930.07917700,1615474799999,280477535.35700521,113826,2610.84844900,148553409.34894555,0
2021-03-11 10:59:59.999,1615474800000,56815.13000000,57091.06000000,55855.00000000,56347.19000000,4918.27352200,1615478399999,277865272.78465665,132208,2348.87395600,132736207.88730156,0
2021-03-11 11:59:59.999,1615478400000,56347.19000000,57030.00000000,56340.06000000,56872.10000000,3501.18927600,1615481999999,198572717.14887414,111203,1874.83613400,106345667.99200097,0
2021-03-11 12:59:59.999,1615482000000,56872.10000000,57050.00000000,56269.76000000,56802.88000000,3424.87557200,1615485599999,194291111.72167817,118769,1684.21031000,95569536.95695499,0
2021-03-11 13:59:59.999,1615485600000,56802.88000000,57682.00000000,56531.67000000,57519.86000000,4910.64605200,1615489199999,281082821.13913408,164860,2879.09497200,164857199.07505495,0
2021-03-11 14:59:59.999,1615489200000,57519.86000000,57651.35000000,56628.03000000,56827.84000000,2840.07287800,1615492799999,162499210.35406519,95082,1414.14052500,80929865.24310701,0
2021-03-11 15:59:59.999,1615492800000,56823.78000000,57600.00000000,56560.00000000,57457.36000000,3049.18616700,1615496399999,174323211.05670353,113435,1521.53775300,87003639.98001721,0
2021-03-11 16:59:59.999,1615496400000,57457.36000000,57900.00000000,57235.29000000,57562.49000000,4464.24661700,1615499999999,257564954.44470721,118133,2252.67833000,129995977.23068369,0
2021-03-11 17:59:59.999,1615500000000,57573.70000000,58050.00000000,57462.12000000,57874.67000000,2810.01435900,1615503599999,162377609.21271529,136545,1485.20548800,85852721.92193145,0
2021-03-11 18:59:59.999,1615503600000,57882.57000000,58150.00000000,57604.16000000,57773.16000000,2961.36625300,1615507199999,171530513.35499559,78582,1532.27236300,88772098.55492637,0
2021-03-11 19:59:59.999,1615507200000,57773.15000000,58081.51000000,56777.77000000,57362.04000000,4018.33941800,1615510799999,230508156.35945129,134725,1818.08041000,104320105.25958165,0
2021-03-11 20:59:59.999,1615510800000,57362.05000000,57640.34000000,57180.00000000,57262.93000000,1010.28485500,1615514399999,58000778.88356779,47455,509.59776400,29258653.23649398,0
