,open_time,o,h,l,c,v,close_time,qav,num_trades,taker_base_vol,taker_quote_vol,ignore
2021-03-11 13:38:59.999,1615487880000,57410.33000000,57500.00000000,57398.58000000,57475.28000000,133.90896700,1615487939999,7693812.67571189,5269,101.12027300,5810369.24504228,0
2021-03-11 13:39:59.999,1615487940000,57470.13000000,57500.00000000,57401.73000000,57497.59000000,174.10792100,1615487999999,10007480.71146842,3842,110.01052800,6323982.00742311,0
2021-03-11 13:40:59.999,1615488000000,57497.58000000,57500.00000000,57455.28000000,57499.99000000,193.64244200,1615488059999,11133290.45799618,3514,146.51789600,8424145.38653433,0
2021-03-11 13:41:59.999,1615488060000,57500.00000000,57585.64000000,57357.00000000,57442.98000000,222.64505300,1615488119999,12800202.29598567,6609,155.16437300,8922542.05150698,0
2021-03-11 13:42:59.999,1615488120000,57446.71000000,57500.00000000,57394.80000000,57405.77000000,91.52015700,1615488179999,5257788.34065744,2821,54.29841100,3119164.58327899,0
2021-03-11 13:43:59.999,1615488180000,57421.59000000,57490.20000000,57239.08000000,57490.19000000,165.56097900,1615488239999,9493423.17829908,4507,77.58157600,4449401.16474195,0
2021-03-11 13:44:59.999,1615488240000,57490.20000000,57529.33000000,57420.66000000,57442.73000000,82.17122000,1615488299999,4723414.86272466,3034,43.82940000,2519423.54525790,0
2021-03-11 13:45:59.999,1615488300000,57442.74000000,57650.00000000,57410.31000000,57627.32000000,179.66853400,1615488359999,10344135.67720218,4879,122.77530100,7068948.27497263,0
2021-03-11 13:46:59.999,1615488360000,57627.32000000,57682.00000000,57576.64000000,57629.99000000,168.91219400,1615488419999,9733728.77153333,4176,99.40026900,5728131.25959396,0
2021-03-11 13:47:59.999,1615488420000,57629.99000000,57645.38000000,57538.80000000,57560.00000000,72.20889100,1615488479999,4159113.64819469,3093,36.39755100,2096576.17381578,0
2021-03-11 13:48:59.999,1615488480000,57548.41000000,57650.00000000,57548.41000000,57625.81000000,69.95838600,1615488539999,4030653.12984691,2153,42.55720300,2451900.71842889,0
2021-03-11 13:49:59.999,1615488540000,57625.81000000,57631.77000000,57555.83000000,57575.65000000,62.21246100,1615488599999,3583253.00676135,2496,35.15412900,2024952.39329266,0
2021-03-11 13:50:59.999,1615488600000,57575.66000000,57603.80000000,57505.20000000,57600.01000000,66.49607000,1615488659999,3827451.57384947,2611,32.62769400,1878062.71026489,0
2021-03-11 13:51:59.999,1615488660000,57600.01000000,57616.82000000,57514.18000000,57575.62000000,57.73849000,1615488719999,3323432.31657959,2394,26.00474400,1496943.19315936,0
2021-03-11 13:52:59.999,1615488720000,57567.05000000,57616.47000000,57527.52000000,57549.46000000,41.82989700,1615488779999,2408338.64220383,1836,24.66786800,1420142.40426547,0
2021-03-11 13:53:59.999,1615488780000,57549.47000000,57549.47000000,57342.30000000,57477.63000000,150.25404300,1615488839999,8631357.53071340,3862,51.34218600,2949264.69121113,0
2021-03-11 13:54:59.999,1615488840000,57477.59000000,57525.55000000,57379.13000000,57490.74000000,110.26596500,1615488899999,6336878.44396935,2576,66.87320000,3843040.39428662,0
2021-03-11 13:55:59.999,1615488900000,57503.30000000,57536.07000000,57443.00000000,57509.92000000,56.71524300,1615488959999,3261136.91531256,2435,33.22001700,1910131.78765502,0
2021-03-11 13:56:59.999,1615488960000,57509.92000000,57520.00000000,57378.49000000,57399.97000000,70.69965300,1615489019999,4061861.58965341,2293,32.45411100,1864284.78011017,0
2021-03-11 13:57:59.999,1615489020000,57403.17000000,57467.85000000,57394.17000000,57425.80000000,33.10750700,1615489079999,1901151.78334384,1940,20.83074800,1196197.07010886,0
2021-03-11 13:58:59.999,1615489080000,57425.80000000,57499.99000000,57425.79000000,57459.09000000,50.19099600,1615489139999,2884192.16411679,1966,26.90813400,1546191.98416254,0
2021-03-11 13:59:59.999,1615489140000,57459.09000000,57520.00000000,57450.03000000,57519.86000000,57.70255800,1615489199999,3317344.69526588,1802,34.23633500,1968237.00788343,0
2021-03-11 14:00:59.999,1615489200000,57519.86000000,57651.35000000,57502.17000000,57585.82000000,77.34946600,1615489259999,4454962.04243750,2437,51.01154300,2937800.95051524,0
2021-03-11 14:01:59.999,1615489260000,57592.73000000,57600.00000000,57510.47000000,57510.48000000,38.28771200,1615489319999,2203965.37348002,1637,19.26033000,1108645.38225120,0
2021-03-11 14:02:59.999,1615489320000,57510.48000000,57526.65000000,57455.01000000,57477.37000000,38.03555900,1615489379999,2187075.58597691,1390,16.74467100,962922.99207253,0
2021-03-11 14:03:59.999,1615489380000,57473.47000000,57519.13000000,57460.00000000,57502.48000000,20.71420800,1615489439999,1191038.59257155,1329,12.36314200,710891.22886459,0
2021-03-11 14:04:59.999,1615489440000,57502.47000000,57515.92000000,57463.80000000,57481.43000000,28.96395100,1615489499999,1665145.72583305,1081,11.42101300,656628.18543311,0
2021-03-11 14:05:59.999,1615489500000,57481.43000000,57494.91000000,57342.37000000,57378.81000000,51.51740800,1615489559999,2958209.34023941,2033,19.59374300,1125332.67100764,0
2021-03-11 14:06:59.999,1615489560000,57373.62000000,57457.00000000,57364.53000000,57427.55000000,35.94343200,1615489619999,2064112.28537978,1419,18.06616600,1037487.19013712,0
2021-03-11 14:07:59.999,1615489620000,57427.55000000,57457.64000000,57403.64000000,57440.03000000,27.63740500,1615489679999,1587346.14664838,1450,17.58386800,1009899.26710146,0
2021-03-11 14:08:59.999,1615489680000,57440.03000000,57457.64000000,57407.47000000,57433.89000000,32.24992700,1615489739999,1852182.75140315,1546,11.22569200,644668.68936138,0
2021-03-11 14:09:59.999,1615489740000,57433.89000000,57487.72000000,57382.06000000,57389.60000000,44.86316400,1615489799999,2576729.06693566,1672,21.34268400,1225900.93109728,0
2021-03-11 14:10:59.999,1615489800000,57390.94000000,57487.72000000,57390.93000000,57486.54000000,32.90576800,1615489859999,1890249.70965313,1307,19.39093700,1113970.35759942,0
2021-03-11 14:11:59.999,1615489860000,57483.87000000,57494.39000000,57417.76000000,57435.87000000,28.19418100,1615489919999,1620075.42975302,1458,13.24384000,760919.08498122,0
2021-03-11 14:12:59.999,1615489920000,57435.86000000,57450.00000000,57411.11000000,57437.89000000,28.28467000,1615489979999,1624356.63372568,1200,17.80230600,1022351.43448851,0
2021-03-11 14:13:59.999,1615489980000,57437.89000000,57450.00000000,57367.99000000,57385.99000000,26.43182400,1615490039999,1517382.96116901,1334,13.82000900,793397.74619691,0
2021-03-11 14:14:59.999,1615490040000,57385.99000000,57401.21000000,57298.71000000,57318.12000000,45.26026600,1615490099999,2595035.92874806,1732,18.48591100,1059983.79740976,0
2021-03-11 14:15:59.999,1615490100000,57318.12000000,57332.99000000,57111.12000000,57117.38000000,148.28988200,1615490159999,8480253.28067738,4396,73.50341100,4203012.74692580,0
2021-03-11 14:16:59.999,1615490160000,57114.24000000,57208.65000000,57000.00000000,57195.76000000,138.52911600,1615490219999,7909290.03300530,3538,61.93087900,3536829.66877335,0
2021-03-11 14:17:59.999,1615490220000,57195.75000000,57250.00000000,57131.74000000,57249.99000000,69.54229600,1615490279999,3977338.06524949,2045,39.66841700,2268783.02793938,0
2021-03-11 14:18:59.999,1615490280000,57250.00000000,57300.00000000,57203.11000000,57288.55000000,65.35504500,1615490339999,3741371.25702519,1638,36.35255000,2081061.38892946,0
2021-03-11 14:19:59.999,1615490340000,57288.55000000,57359.53000000,57236.24000000,57262.04000000,55.01125500,1615490399999,3152374.28671835,1874,27.39408400,1569682.62953675,0
2021-03-11 14:20:59.999,1615490400000,57262.04000000,57326.87000000,57262.03000000,57286.76000000,33.39099300,1615490459999,1913158.40693983,1291,18.17300600,1041192.47355069,0
2021-03-11 14:21:59.999,1615490460000,57286.76000000,57296.84000000,57149.01000000,57213.01000000,63.69546500,1615490519999,3644016.77224508,1577,31.06313600,1777088.89379288,0
2021-03-11 14:22:59.999,1615490520000,57213.02000000,57247.34000000,57178.08000000,57207.39000000,27.75270600,1615490579999,1588090.57964752,1031,16.46202900,942044.05196066,0
2021-03-11 14:23:59.999,1615490580000,57207.39000000,57250.00000000,57200.00000000,57238.07000000,19.68704800,1615490639999,1126682.97473479,1279,8.58504100,491268.51134884,0
2021-03-11 14:24:59.999,1615490640000,57238.06000000,57250.00000000,57208.05000000,57238.78000000,32.49419100,1615490699999,1859592.55033367,1061,15.34095800,877899.47794065,0
2021-03-11 14:25:59.999,1615490700000,57238.79000000,57348.49000000,57224.78000000,57348.48000000,42.02172500,1615490759999,2407587.62266906,1518,26.20504400,1501372.49761559,0
2021-03-11 14:26:59.999,1615490760000,57348.48000000,57349.92000000,57260.83000000,57281.15000000,26.43472100,1615490819999,1514677.30925431,1183,17.10655300,980178.67956613,0
2021-03-11 14:27:59.999,1615490820000,57281.14000000,57345.41000000,57281.12000000,57331.02000000,43.23077300,1615490879999,2477908.31735556,1395,25.76892100,1476998.38081042,0
2021-03-11 14:28:59.999,1615490880000,57331.03000000,57375.03000000,57301.71000000,57304.94000000,39.92963300,1615490939999,2289517.47755227,1275,22.42458000,1285802.65815063,0
2021-03-11 14:29:59.999,1615490940000,57304.94000000,57333.58000000,57281.27000000,57319.13000000,30.38535800,1615490999999,1741444.08960142,1292,22.50146900,1289602.71344574,0
2021-03-11 14:30:59.999,1615491000000,57319.90000000,57350.00000000,57271.23000000,57281.57000000,44.61419500,1615491059999,2557262.58851783,1521,23.45352600,1344374.44865048,0
2021-03-11 14:31:59.999,1615491060000,57282.00000000,57286.75000000,57188.31000000,57211.00000000,38.81007700,1615491119999,2220722.34826362,1606,16.53932300,946358.86243888,0
2021-03-11 14:32:59.999,1615491120000,57210.99000000,57218.76000000,57130.40000000,57173.17000000,44.22495100,1615491179999,2528685.83122982,1366,16.14986600,923353.86700828,0
2021-03-11 14:33:59.999,1615491180000,57173.16000000,57213.69000000,57156.86000000,57206.53000000,21.81786900,1615491239999,1247817.76221115,1013,13.50550700,772430.82794777,0
2021-03-11 14:34:59.999,1615491240000,57206.54000000,57210.00000000,57151.00000000,57151.00000000,40.06586900,1615491299999,2291217.09301145,1193,12.99596200,743187.51240852,0
2021-03-11 14:35:59.999,1615491300000,57155.93000000,57253.30000000,57155.92000000,57252.91000000,32.69559100,1615491359999,1870078.64381601,1435,18.24769300,1043672.80887989,0
2021-03-11 14:36:59.999,1615491360000,57252.86000000,57259.30000000,57185.96000000,57227.02000000,44.26919500,1615491419999,2533283.79051726,964,20.28043500,1160427.59577369,0
2021-03-11 14:37:59.999,1615491420000,57227.02000000,57230.19000000,57155.66000000,57194.51000000,22.58464600,1615491479999,1291955.00021477,1121,7.95593300,455059.26152945,0
2021-03-11 14:38:59.999,1615491480000,57194.51000000,57240.32000000,57194.51000000,57214.43000000,19.86855500,1615491539999,1136893.70515215,1030,7.51891800,430226.42103495,0
2021-03-11 14:39:59.999,1615491540000,57214.44000000,57258.69000000,57181.86000000,57233.63000000,44.90938900,1615491599999,2569830.37819918,1508,24.99841700,1430559.47324981,0
2021-03-11 14:40:59.999,1615491600000,57233.62000000,57289.73000000,57222.66000000,57268.33000000,15.23168600,1615491659999,872027.07143379,948,8.19594100,469212.70373655,0
2021-03-11 14:41:59.999,1615491660000,57268.33000000,57333.36000000,57259.99000000,57302.00000000,23.81309400,1615491719999,1364429.68518117,1341,13.44465100,770346.68653139,0
2021-03-11 14:42:59.999,1615491720000,57302.00000000,57328.24000000,57221.67000000,57262.60000000,32.51412600,1615491779999,1862044.57963402,1230,13.23449100,757919.11750586,0
2021-03-11 14:43:59.999,1615491780000,57262.61000000,57310.18000000,57262.61000000,57301.41000000,21.93284200,1615491839999,1256612.73923187,1071,11.41003100,653712.32454521,0
2021-03-11 14:44:59.999,1615491840000,57301.41000000,57303.38000000,57267.06000000,57282.08000000,23.80744200,1615491899999,1363855.51638376,1127,11.67767600,668988.39660964,0
2021-03-11 14:45:59.999,1615491900000,57282.08000000,57346.24000000,57279.54000000,57329.30000000,36.19192300,1615491959999,2074506.03896416,1193,24.38229400,1397652.55273608,0
2021-03-11 14:46:59.999,1615491960000,57329.31000000,57368.00000000,57299.99000000,57334.51000000,49.53081200,1615492019999,2839678.36966387,1399,27.84449900,1596343.88464657,0
2021-03-11 14:47:59.999,1615492020000,57326.60000000,57326.60000000,57192.07000000,57194.89000000,50.79977500,1615492079999,2908520.76986334,1888,21.73035200,1244088.14958659,0
2021-03-11 14:48:59.999,1615492080000,57194.89000000,57249.76000000,57194.88000000,57247.16000000,37.96529000,1615492139999,2172404.35896349,1123,25.52726000,1460658.60397449,0
2021-03-11 14:49:59.999,1615492140000,57247.17000000,57270.11000000,57220.17000000,57268.06000000,37.29480300,1615492199999,2135119.66107194,1336,15.14550700,867051.32511947,0
2021-03-11 14:50:59.999,1615492200000,57263.08000000,57300.01000000,57258.67000000,57280.45000000,44.07011500,1615492259999,2524625.30703059,1323,18.39791700,1053901.26140385,0
2021-03-11 14:51:59.999,1615492260000,57280.45000000,57288.68000000,57241.45000000,57272.44000000,34.22888100,1615492319999,1960016.42722309,1289,16.66624000,954343.15269030,0
2021-03-11 14:52:59.999,1615492320000,57272.43000000,57272.44000000,57212.40000000,57243.96000000,17.44433800,1615492379999,998564.67913766,1057,9.25360700,529692.60093975,0
2021-03-11 14:53:59.999,1615492380000,57243.97000000,57266.24000000,57234.94000000,57241.17000000,16.05888000,1615492439999,919407.86335593,1071,10.04569100,575135.17872428,0
2021-03-11 14:54:59.999,1615492440000,57241.17000000,57264.88000000,57211.15000000,57229.52000000,18.40329200,1615492499999,1053364.95839720,996,11.69383700,669315.78234676,0
2021-03-11 14:55:59.999,1615492500000,57229.53000000,57229.53000000,57168.73000000,57187.95000000,29.66418000,1615492559999,1696892.39667023,1325,13.79194500,788885.13266193,0
2021-03-11 14:56:59.999,1615492560000,57187.95000000,57235.48000000,57180.00000000,57207.99000000,78.18216500,1615492619999,4472329.40059710,1335,68.25500500,3904412.08918843,0
2021-03-11 14:57:59.999,1615492620000,57207.99000000,57208.00000000,57000.00000000,57025.62000000,136.61465300,1615492679999,7798208.07398782,2347,25.83628500,1475413.28044188,0
2021-03-11 14:58:59.999,1615492680000,57028.24000000,57047.84000000,56947.36000000,56991.89000000,99.62347700,1615492739999,5677575.57824607,2249,50.52857800,2879447.85438335,0
2021-03-11 14:59:59.999,1615492740000,56991.89000000,57000.00000000,56628.03000000,56827.84000000,290.45161900,1615492799999,16490109.14093132,7259,131.59720500,7470076.37760857,0
2021-03-11 15:00:59.999,1615492800000,56823.78000000,56995.02000000,56560.00000000,56606.25000000,287.74842400,1615492859999,16333140.17684631,5698,130.07181300,7385940.06588667,0
2021-03-11 15:01:59.999,1615492860000,56605.56000000,56829.47000000,56576.35000000,56786.30000000,95.61725000,1615492919999,5422264.43293448,3049,52.04828200,2951302.90923570,0
2021-03-11 15:02:59.999,1615492920000,56786.30000000,56950.69000000,56732.81000000,56870.87000000,58.99055700,1615492979999,3352535.69609180,2366,34.16706600,1941619.27516273,0
2021-03-11 15:03:59.999,1615492980000,56870.87000000,57040.99000000,56870.87000000,57040.19000000,59.22909000,1615493039999,3374647.08378098,2422,31.42499700,1790595.77624583,0
2021-03-11 15:04:59.999,1615493040000,57040.01000000,57116.26000000,56978.37000000,57058.83000000,43.84232700,1615493099999,2501094.57004552,2115,18.17804400,1037203.22380899,0
2021-03-11 15:05:59.999,1615493100000,57058.84000000,57211.97000000,57058.84000000,57200.01000000,56.97111400,1615493159999,3256129.01088619,2442,42.19012200,2411361.51035896,0
2021-03-11 15:06:59.999,1615493160000,57200.01000000,57265.65000000,57148.21000000,57167.54000000,71.88381100,1615493219999,4112586.97144534,1991,44.87838000,2568031.94561675,0
2021-03-11 15:07:59.999,1615493220000,57167.55000000,57237.11000000,57027.71000000,57051.46000000,67.02513600,1615493279999,3828714.34539282,2426,29.82717500,1703987.65142211,0
2021-03-11 15:08:59.999,1615493280000,57051.47000000,57152.13000000,57051.47000000,57093.07000000,24.84234100,1615493339999,1418776.10002518,1395,12.03336400,687271.93719740,0
2021-03-11 15:09:59.999,1615493340000,57096.68000000,57138.09000000,56989.91000000,56991.69000000,42.60996500,1615493399999,2431632.10444724,1722,13.59052300,775615.10165313,0
2021-03-11 15:10:59.999,1615493400000,56991.69000000,57045.22000000,56975.39000000,57018.81000000,48.19327100,1615493459999,2747552.57969793,1279,12.64126400,720810.01511605,0
2021-03-11 15:11:59.999,1615493460000,57011.96000000,57016.14000000,56800.00000000,56867.08000000,73.99105200,1615493519999,4208694.46417283,2876,37.70114400,2144425.31979997,0
2021-03-11 15:12:59.999,1615493520000,56867.08000000,56906.02000000,56800.00000000,56807.00000000,41.23601200,1615493579999,2344412.26880022,1411,18.25503200,1037840.27219148,0
2021-03-11 15:13:59.999,1615493580000,56807.00000000,56927.92000000,56756.94000000,56889.67000000,71.87875200,1615493639999,4086740.27258371,2117,40.96324900,2329116.30970479,0
2021-03-11 15:14:59.999,1615493640000,56889.67000000,56910.00000000,56804.15000000,56853.92000000,25.65652900,1615493699999,1458750.39606405,1456,10.04756700,571284.67089465,0
2021-03-11 15:15:59.999,1615493700000,56853.92000000,56937.14000000,56827.54000000,56850.01000000,58.31737900,1615493759999,3317620.01653049,1967,18.40410000,1046857.21389550,0
2021-03-11 15:16:59.999,1615493760000,56850.01000000,56944.12000000,56850.01000000,56941.39000000,20.10549000,1615493819999,1144243.04192368,1090,8.51506900,484536.48946453,0
2021-03-11 15:17:59.999,1615493820000,56941.40000000,57050.00000000,56900.00000000,56983.07000000,59.05155300,1615493879999,3365195.46855566,1999,43.48453900,2478389.03599559,0
2021-03-11 15:18:59.999,1615493880000,56983.06000000,56994.35000000,56912.41000000,56987.53000000,31.01023900,1615493939999,1766134.49521193,1462,12.20168600,694855.78323482,0
2021-03-11 15:19:59.999,1615493940000,56987.53000000,57031.27000000,56930.61000000,56978.93000000,24.08691800,1615493999999,1372223.17864849,1639,12.35848000,704114.11437270,0
2021-03-11 15:20:59.999,1615494000000,56978.93000000,57039.24000000,56955.19000000,57037.85000000,28.38220600,1615494059999,1617625.30474432,1380,18.38609000,1047890.03189970,0
2021-03-11 15:21:59.999,1615494060000,57037.85000000,57088.80000000,56988.35000000,57062.64000000,39.54439900,1615494119999,2255729.81068757,1633,23.91627700,1364387.49158259,0
2021-03-11 15:22:59.999,1615494120000,57062.64000000,57174.76000000,57062.63000000,57144.98000000,52.66897700,1615494179999,3008622.00317830,1648,30.39802200,1736379.54207820,0
2021-03-11 15:23:59.999,1615494180000,57144.98000000,57145.01000000,57055.35000000,57105.59000000,45.03195300,1615494239999,2571365.01063639,1988,14.27922600,815289.23743356,0
2021-03-11 15:24:59.999,1615494240000,57106.61000000,57191.79000000,57085.76000000,57126.74000000,54.36023000,1615494299999,3105839.59790675,1452,19.31552200,1103532.74847867,0
2021-03-11 15:25:59.999,1615494300000,57126.74000000,57150.00000000,57040.82000000,57148.07000000,39.37841800,1615494359999,2248583.05837137,1467,13.49722700,770747.48972275,0
2021-03-11 15:26:59.999,1615494360000,57150.00000000,57206.66000000,57150.00000000,57199.33000000,28.30599300,1615494419999,1618416.68527997,1374,13.24519400,757361.78039582,0
2021-03-11 15:27:59.999,1615494420000,57197.32000000,57247.00000000,57174.43000000,57246.84000000,32.96981300,1615494479999,1886319.19485466,1824,13.38423200,765824.10751728,0
2021-03-11 15:28:59.999,1615494480000,57246.82000000,57293.13000000,57231.71000000,57275.84000000,52.45353700,1615494539999,3003556.68094883,1725,34.16781200,1956401.35036378,0
2021-03-11 15:29:59.999,1615494540000,57275.85000000,57357.45000000,57258.21000000,57308.86000000,97.74547300,1615494599999,5602077.05956558,2927,52.96704200,3035517.97429699,0
2021-03-11 15:30:59.999,1615494600000,57306.93000000,57400.00000000,57301.26000000,57399.98000000,69.36658400,1615494659999,3979787.23736076,1901,41.95229000,2407049.63762118,0
2021-03-11 15:31:59.999,1615494660000,57398.86000000,57398.86000000,57162.55000000,57212.93000000,75.40949400,1615494719999,4318690.69513056,2695,29.91949500,1712598.39414038,0
2021-03-11 15:32:59.999,1615494720000,57212.93000000,57300.00000000,57197.48000000,57200.00000000,39.63142200,1615494779999,2268576.20553598,1519,17.82025300,1020153.23232096,0
2021-03-11 15:33:59.999,1615494780000,57200.00000000,57233.45000000,57154.37000000,57176.51000000,29.26159700,1615494839999,1673729.37543682,1433,17.44565900,997860.70770393,0
2021-03-11 15:34:59.999,1615494840000,57176.51000000,57189.08000000,57100.28000000,57133.07000000,53.47795600,1615494899999,3055745.78445185,1875,19.39766700,1108201.77664257,0
2021-03-11 15:35:59.999,1615494900000,57133.07000000,57256.00000000,57130.67000000,57230.60000000,37.97498500,1615494959999,2171883.92217223,2173,20.00899100,1144405.68804725,0
2021-03-11 15:36:59.999,1615494960000,57226.92000000,57321.87000000,57219.34000000,57292.98000000,41.94052100,1615495019999,2402629.98115900,1289,22.89821000,1311788.43832138,0
2021-03-11 15:37:59.999,1615495020000,57292.98000000,57365.79000000,57288.03000000,57355.57000000,34.42489000,1615495079999,1973742.15818246,1390,19.46564800,1116026.42263375,0
2021-03-11 15:38:59.999,1615495080000,57355.57000000,57390.00000000,57310.00000000,57381.41000000,36.64035700,1615495139999,2101550.36650455,1440,16.75358400,960912.31575287,0
2021-03-11 15:39:59.999,1615495140000,57381.41000000,57402.44000000,57324.00000000,57326.49000000,51.30437800,1615495199999,2943733.52448358,2458,19.18972100,1101035.52595876,0
2021-03-11 15:40:59.999,1615495200000,57326.49000000,57404.56000000,57315.89000000,57394.78000000,47.00141900,1615495259999,2696558.47197877,1400,25.91445400,1486592.85896034,0
2021-03-11 15:41:59.999,1615495260000,57394.78000000,57482.97000000,57390.00000000,57455.46000000,59.51864600,1615495319999,3418604.68529683,2629,36.23515200,2081431.83504380,0
2021-03-11 15:42:59.999,1615495320000,57453.14000000,57495.27000000,57368.92000000,57376.52000000,39.85686700,1615495379999,2289760.12718615,1748,19.02068400,1092895.48396370,0
2021-03-11 15:43:59.999,1615495380000,57376.52000000,57463.21000000,57376.51000000,57388.38000000,27.84257300,1615495439999,1598510.55193848,1556,13.94804200,800786.84622158,0
2021-03-11 15:44:59.999,1615495440000,57388.38000000,57470.04000000,57388.00000000,57410.23000000,49.07009700,1615495499999,2817454.23285535,1662,21.68097700,1244823.41473763,0
2021-03-11 15:45:59.999,1615495500000,57404.84000000,57466.00000000,57401.13000000,57451.49000000,35.12856200,1615495559999,2017711.77640105,1497,12.94851400,743701.80064343,0
2021-03-11 15:46:59.999,1615495560000,57451.48000000,57471.79000000,57420.00000000,57448.73000000,23.40024300,1615495619999,1344344.11641603,1154,10.49693400,603058.91964279,0
2021-03-11 15:47:59.999,1615495620000,57448.74000000,57550.00000000,57447.10000000,57547.44000000,93.95741500,1615495679999,5403604.78905394,3291,72.61773400,4176157.19186509,0
2021-03-11 15:48:59.999,1615495680000,57547.43000000,57597.15000000,57441.44000000,57451.64000000,78.17856200,1615495739999,4498365.56241706,2691,39.85299100,2293402.62795248,0
2021-03-11 15:49:59.999,1615495740000,57451.64000000,57578.56000000,57446.50000000,57560.00000000,32.08349400,1615495799999,1846177.99319667,1588,16.62347300,956519.26677144,0
2021-03-11 15:50:59.999,1615495800000,57560.00000000,57568.31000000,57521.58000000,57539.91000000,31.98474500,1615495859999,1840683.85176778,1384,13.12940700,755588.89520943,0
2021-03-11 15:51:59.999,1615495860000,57539.92000000,57579.90000000,57525.67000000,57546.85000000,22.20780500,1615495919999,1278299.80880801,1418,11.82586000,680706.17322264,0
2021-03-11 15:52:59.999,1615495920000,57546.86000000,57600.00000000,57546.83000000,57588.36000000,39.63218700,1615495979999,2282154.21953447,1721,22.17194000,1276752.98464986,0
2021-03-11 15:53:59.999,1615495980000,57588.35000000,57600.00000000,57562.69000000,57562.69000000,29.02830300,1615496039999,1671695.44209225,1700,15.49183900,892179.65707357,0
2021-03-11 15:54:59.999,1615496040000,57562.69000000,57580.49000000,57500.04000000,57522.88000000,41.33755000,1615496099999,2378846.60636702,1691,18.17788400,1046103.19348057,0
2021-03-11 15:55:59.999,1615496100000,57522.88000000,57580.33000000,57483.79000000,57517.18000000,39.56097300,1615496159999,2275617.84583599,1630,18.95605500,1090442.72382726,0
2021-03-11 15:56:59.999,1615496160000,57516.12000000,57516.12000000,57378.61000000,57490.33000000,73.23502800,1615496219999,4206565.01177160,2147,28.41599300,1632249.35406900,0
2021-03-11 15:57:59.999,1615496220000,57490.33000000,57549.59000000,57490.33000000,57535.24000000,25.48427700,1615496279999,1466001.87704122,1466,14.55068600,837034.16265819,0
2021-03-11 15:58:59.999,1615496280000,57529.94000000,57538.24000000,57457.51000000,57499.68000000,23.17339100,1615496339999,1332129.93883032,1346,13.81674500,794175.72288785,0
2021-03-11 15:59:59.999,1615496340000,57500.29000000,57522.62000000,57446.36000000,57457.36000000,34.94363700,1615496399999,2008833.81723816,1203,14.27233100,820514.35296584,0
2021-03-11 16:00:59.999,1615496400000,57457.36000000,57624.07000000,57457.36000000,57571.02000000,81.02912100,1615496459999,4665248.12774746,2079,43.56581900,2508312.96930829,0
2021-03-11 16:01:59.999,1615496460000,57571.02000000,57675.88000000,57565.00000000,57649.55000000,85.20679900,1615496519999,4911328.87550215,2317,45.65918600,2631861.12160002,0
2021-03-11 16:02:59.999,1615496520000,57649.54000000,57733.76000000,57646.75000000,57733.76000000,116.34357800,1615496579999,6712426.71424241,3245,64.54317300,3723878.37214924,0
2021-03-11 16:03:59.999,1615496580000,57733.75000000,57749.00000000,57670.00000000,57744.38000000,139.07393600,1615496639999,8028338.30652704,2392,31.96799600,1845310.42893761,0
2021-03-11 16:04:59.999,1615496640000,57744.38000000,57850.00000000,57700.00000000,57771.96000000,299.08414900,1615496699999,17285479.70373973,5926,211.78492900,12239768.22999372,0
2021-03-11 16:05:59.999,1615496700000,57771.96000000,57870.91000000,57754.98000000,57790.26000000,133.12428000,1615496759999,7698814.11302005,3307,80.29894300,4643978.66172536,0
2021-03-11 16:06:59.999,1615496760000,57786.56000000,57867.62000000,57770.00000000,57850.00000000,45.87179400,1615496819999,2652808.27651683,1593,25.48948100,1474073.04272061,0
2021-03-11 16:07:59.999,1615496820000,57850.00000000,57870.65000000,57780.70000000,57841.74000000,65.30187000,1615496879999,3776816.54483056,1867,27.10536600,1567855.22531031,0
2021-03-11 16:08:59.999,1615496880000,57841.73000000,57885.26000000,57839.62000000,57850.01000000,67.74710200,1615496939999,3920024.36152201,2230,38.77792100,2243817.08101277,0
2021-03-11 16:09:59.999,1615496940000,57850.01000000,57888.88000000,57847.22000000,57885.22000000,61.89132700,1615496999999,3581637.82850329,1840,33.63358800,1946380.84301489,0
2021-03-11 16:10:59.999,1615497000000,57885.23000000,57885.23000000,57802.11000000,57877.08000000,68.55417800,1615497059999,3965950.81802672,1756,31.04398700,1796091.56350409,0
2021-03-11 16:11:59.999,1615497060000,57877.08000000,57900.00000000,57800.00000000,57810.88000000,230.59849600,1615497119999,13346597.19069577,3144,182.24967700,10548804.94488144,0
2021-03-11 16:12:59.999,1615497120000,57812.12000000,57854.00000000,57677.88000000,57740.42000000,116.24358100,1615497179999,6716164.40219289,2880,42.46133200,2453554.35659342,0
2021-03-11 16:13:59.999,1615497180000,57741.89000000,57769.71000000,57700.00000000,57711.46000000,69.25337600,1615497239999,3998895.82106902,2012,39.28676000,2268624.34614898,0
2021-03-11 16:14:59.999,1615497240000,57713.01000000,57834.11000000,57538.04000000,57809.90000000,99.10416700,1615497299999,5715457.73189492,3243,56.37042000,3251200.01472107,0
2021-03-11 16:15:59.999,1615497300000,57801.60000000,57850.00000000,57758.71000000,57777.02000000,70.89922000,1615497359999,4099328.79294199,2192,28.66569400,1657439.48128857,0
2021-03-11 16:16:59.999,1615497360000,57784.28000000,57835.98000000,57770.80000000,57821.51000000,38.76282800,1615497419999,2240678.08194709,1422,20.45518100,1182341.09322908,0
2021-03-11 16:17:59.999,1615497420000,57821.51000000,57821.61000000,57650.60000000,57679.97000000,78.13482000,1615497479999,4509285.42296569,2139,38.41785900,2217273.00963882,0
2021-03-11 16:18:59.999,1615497480000,57679.98000000,57772.22000000,57656.11000000,57672.95000000,67.52804300,1615497539999,3896894.07150650,1548,35.73173900,2061912.79632114,0
2021-03-11 16:19:59.999,1615497540000,57672.95000000,57700.00000000,57647.85000000,57684.11000000,32.82033400,1615497599999,1892802.17854715,1443,16.92693700,976211.88324245,0
2021-03-11 16:20:59.999,1615497600000,57684.11000000,57770.00000000,57651.78000000,57693.13000000,43.36333100,1615497659999,2502816.92728721,1629,20.96463500,1210264.52031343,0
2021-03-11 16:21:59.999,1615497660000,57693.13000000,57745.67000000,57646.86000000,57741.75000000,34.77032200,1615497719999,2005806.86602462,1239,17.07780100,985032.86615283,0
2021-03-11 16:22:59.999,1615497720000,57738.53000000,57749.99000000,57700.00000000,57700.01000000,31.05292200,1615497779999,1792658.54286689,1089,14.25355200,822883.50056015,0
2021-03-11 16:23:59.999,1615497780000,57700.01000000,57764.61000000,57700.01000000,57735.07000000,17.46814300,1615497839999,1008508.68601539,1394,9.84395800,568338.00325690,0
2021-03-11 16:24:59.999,1615497840000,57735.07000000,57750.00000000,57704.87000000,57737.12000000,24.87478300,1615497899999,1436063.43375767,1066,10.76593500,621535.14042072,0
2021-03-11 16:25:59.999,1615497900000,57737.11000000,57796.12000000,57700.00000000,57749.31000000,90.52440300,1615497959999,5227978.35518062,1702,48.34604700,2792056.89591550,0
2021-03-11 16:26:59.999,1615497960000,57749.32000000,57749.32000000,57695.03000000,57720.23000000,33.21626000,1615498019999,1917299.05188899,1282,17.72915000,1023362.46289503,0
2021-03-11 16:27:59.999,1615498020000,57720.21000000,57770.87000000,57711.84000000,57761.50000000,31.60449200,1615498079999,1824976.28539152,1308,19.26004500,1112100.48828062,0
2021-03-11 16:28:59.999,1615498080000,57761.51000000,57867.00000000,57761.51000000,57858.17000000,78.88686900,1615498139999,4560385.53784247,1760,36.43887900,2106579.10500605,0
2021-03-11 16:29:59.999,1615498140000,57858.17000000,57869.68000000,57820.91000000,57828.71000000,42.28962400,1615498199999,2446183.08561355,1667,17.88093300,1034295.30640969,0
2021-03-11 16:30:59.999,1615498200000,57828.72000000,57853.58000000,57769.82000000,57804.95000000,42.76245100,1615498259999,2472212.81502642,1347,22.42317800,1296332.70863146,0
2021-03-11 16:31:59.999,1615498260000,57798.92000000,57812.42000000,57788.38000000,57804.95000000,26.48163400,1615498319999,1530723.26768579,1373,14.29050100,826027.55854179,0
2021-03-11 16:32:59.999,1615498320000,57804.96000000,57854.64000000,57804.90000000,57843.02000000,54.80515700,1615498379999,3169401.71652091,1517,32.74820800,1893800.92505280,0
2021-03-11 16:33:59.999,1615498380000,57843.02000000,57849.93000000,57710.00000000,57740.21000000,72.45925400,1615498439999,4186819.89601932,1770,18.66555900,1078940.07123870,0
2021-03-11 16:34:59.999,1615498440000,57740.21000000,57752.24000000,57625.97000000,57648.63000000,103.96895800,1615498499999,5995963.07440400,2454,44.36472400,2558597.58086045,0
2021-03-11 16:35:59.999,1615498500000,57645.00000000,57729.79000000,57645.00000000,57700.44000000,54.20864500,1615498559999,3126861.16138197,2220,28.66854900,1653694.35487177,0
2021-03-11 16:36:59.999,1615498560000,57700.45000000,57705.80000000,57545.12000000,57574.46000000,65.80101300,1615498619999,3792473.55601596,1929,21.02624900,1211676.75300298,0
2021-03-11 16:37:59.999,1615498620000,57574.46000000,57635.53000000,57488.89000000,57532.87000000,116.60117700,1615498679999,6712156.05686712,2369,61.31799300,3530486.91720568,0
2021-03-11 16:38:59.999,1615498680000,57532.88000000,57604.99000000,57525.51000000,57597.04000000,67.67344700,1615498739999,3895570.46816261,1802,30.57479500,1760024.00316819,0
2021-03-11 16:39:59.999,1615498740000,57597.03000000,57615.95000000,57567.32000000,57606.57000000,45.98443600,1615498799999,2648387.32356940,1840,23.94767700,1379175.49716025,0
2021-03-11 16:40:59.999,1615498800000,57605.91000000,57620.50000000,57554.40000000,57588.50000000,58.28748700,1615498859999,3356763.00599821,1450,34.28841500,1974709.22128004,0
2021-03-11 16:41:59.999,1615498860000,57588.50000000,57649.93000000,57579.16000000,57649.93000000,54.33467200,1615498919999,3129971.80208927,1519,17.65194400,1016859.31988768,0
2021-03-11 16:42:59.999,1615498920000,57644.24000000,57732.72000000,57636.67000000,57665.23000000,73.71755500,1615498979999,4251773.05620184,1542,45.67594700,2634083.01321685,0
2021-03-11 16:43:59.999,1615498980000,57665.23000000,57741.37000000,57633.91000000,57709.73000000,78.23216700,1615499039999,4513059.05877049,1670,34.59638900,1995914.08433492,0
2021-03-11 16:44:59.999,1615499040000,57709.73000000,57750.00000000,57636.83000000,57674.36000000,105.04911800,1615499099999,6062243.02284433,1894,54.16939400,3126216.18730936,0
2021-03-11 16:45:59.999,1615499100000,57674.35000000,57674.35000000,57550.00000000,57567.64000000,60.38939300,1615499159999,3479131.22214390,1622,20.62421800,1188064.28971183,0
2021-03-11 16:46:59.999,1615499160000,57566.99000000,57566.99000000,57235.29000000,57362.69000000,167.50763100,1615499219999,9615717.41307388,4712,71.51495000,4104118.18204341,0
2021-03-11 16:47:59.999,1615499220000,57362.69000000,57522.59000000,57362.69000000,57394.17000000,100.02815800,1615499279999,5745632.83041535,2675,65.55648100,3765649.43080330,0
2021-03-11 16:48:59.999,1615499280000,57393.98000000,57746.65000000,57377.35000000,57726.06000000,234.10329700,1615499339999,13472368.15892747,2789,64.97127700,3738776.68877409,0
2021-03-11 16:49:59.999,1615499340000,57726.05000000,57806.72000000,57615.75000000,57655.67000000,97.87339900,1615499399999,5648472.86740356,2955,50.14092200,2894195.34001489,0
2021-03-11 16:50:59.999,1615499400000,57661.54000000,57680.95000000,57493.34000000,57524.39000000,85.77147700,1615499459999,4936596.04525257,2522,34.73343300,1998920.98003537,0
2021-03-11 16:51:59.999,1615499460000,57524.39000000,57597.12000000,57491.20000000,57566.39000000,50.75854000,1615499519999,2920863.89200512,1403,24.02036900,1382076.52210730,0
2021-03-11 16:52:59.999,1615499520000,57566.39000000,57590.79000000,57527.46000000,57561.41000000,42.16276800,1615499579999,2426811.15866272,1201,21.02570400,1210155.03474623,0
2021-03-11 16:53:59.999,1615499580000,57561.42000000,57572.18000000,57525.41000000,57557.34000000,27.70616700,1615499639999,1594606.39411348,1427,14.16487900,815257.47867061,0
2021-03-11 16:54:59.999,1615499640000,57559.44000000,57601.95000000,57559.44000000,57593.52000000,27.06615300,1615499699999,1558417.04644909,1168,15.20734300,875616.85262582,0
2021-03-11 16:55:59.999,1615499700000,57593.52000000,57631.34000000,57557.33000000,57627.35000000,23.75411900,1615499759999,1367966.83728714,1177,13.79671700,794574.24303350,0
2021-03-11 16:56:59.999,1615499760000,57631.97000000,57649.13000000,57609.32000000,57624.96000000,34.95856100,1615499819999,2014314.59345329,1228,13.26574700,764374.59782385,0
2021-03-11 16:57:59.999,1615499820000,57624.95000000,57672.42000000,57624.93000000,57666.15000000,31.71111000,1615499879999,1828432.60640979,1405,20.59349400,1187407.05695299,0
2021-03-11 16:58:59.999,1615499880000,57666.15000000,57689.98000000,57660.25000000,57669.89000000,31.84967300,1615499939999,1836806.51263353,1115,20.21132100,1165596.10050895,0
2021-03-11 16:59:59.999,1615499940000,57669.89000000,57674.16000000,57559.69000000,57562.49000000,33.61485200,1615499999999,1936783.44911048,1327,11.44503000,659518.48251583,0
2021-03-11 17:00:59.999,1615500000000,57573.70000000,57714.33000000,57562.49000000,57708.94000000,70.29055100,1615500059999,4052999.41756529,1691,50.31248500,2901597.24778976,0
2021-03-11 17:01:59.999,1615500060000,57713.16000000,57799.00000000,57703.66000000,57722.29000000,69.32437100,1615500119999,4003765.55420174,2375,41.78316900,2413491.96988389,0
2021-03-11 17:02:59.999,1615500120000,57714.83000000,57722.04000000,57605.00000000,57653.95000000,44.92494800,1615500179999,2590478.92163678,1938,15.65655100,902606.70557065,0
2021-03-11 17:03:59.999,1615500180000,57653.96000000,57665.68000000,57625.91000000,57660.03000000,13.63972600,1615500239999,786325.12381966,1597,6.00698000,346317.16657744,0
2021-03-11 17:04:59.999,1615500240000,57660.99000000,57665.75000000,57650.00000000,57656.77000000,22.43643500,1615500299999,1293619.62952245,1393,13.47737300,777073.21790912,0
2021-03-11 17:05:59.999,1615500300000,57656.77000000,57658.11000000,57616.39000000,57628.78000000,13.85162800,1615500359999,798366.23376806,1618,7.58528000,437189.17365733,0
2021-03-11 17:06:59.999,1615500360000,57629.34000000,57630.69000000,57581.30000000,57601.15000000,21.66339400,1615500419999,1247920.36714596,1391,9.87203500,568678.39301568,0
2021-03-11 17:07:59.999,1615500420000,57601.15000000,57640.39000000,57594.32000000,57640.38000000,17.14080100,1615500479999,987555.83517235,1738,11.85418600,683000.76094919,0
2021-03-11 17:08:59.999,1615500480000,57640.39000000,57724.42000000,57640.39000000,57708.32000000,27.82066000,1615500539999,1604922.53463071,1716,17.01397200,981507.07399089,0
2021-03-11 17:09:59.999,1615500540000,57708.32000000,57727.88000000,57645.41000000,57675.24000000,28.01264100,1615500599999,1616139.77530014,1875,11.71093600,675651.06320081,0
2021-03-11 17:10:59.999,1615500600000,57672.97000000,57732.80000000,57656.90000000,57727.20000000,18.21895000,1615500659999,1051096.38669538,1244,10.22825200,590052.69245818,0
2021-03-11 17:11:59.999,1615500660000,57725.85000000,57789.93000000,57725.85000000,57786.92000000,31.45437100,1615500719999,1816982.51209729,2194,14.39428300,831477.98813132,0
2021-03-11 17:12:59.999,1615500720000,57786.92000000,57806.11000000,57786.92000000,57801.81000000,24.67387400,1615500779999,1426053.20509655,1465,13.60312100,786194.60546814,0
2021-03-11 17:13:59.999,1615500780000,57801.81000000,57829.00000000,57755.17000000,57765.31000000,34.46205500,1615500839999,1992289.33650489,1920,15.04239500,869647.99564033,0
2021-03-11 17:14:59.999,1615500840000,57761.00000000,57770.08000000,57703.50000000,57746.66000000,23.30540600,1615500899999,1345384.26019703,1649,10.70900000,618242.98998779,0
2021-03-11 17:15:59.999,1615500900000,57746.66000000,57810.34000000,57738.30000000,57804.96000000,20.25379900,1615500959999,1170183.97642650,1756,9.44347700,545713.55034930,0
2021-03-11 17:16:59.999,1615500960000,57804.97000000,57841.79000000,57804.97000000,57840.39000000,23.31111300,1615501019999,1348082.43211167,1470,13.52203200,781986.09906302,0
2021-03-11 17:17:59.999,1615501020000,57840.27000000,57864.06000000,57840.00000000,57862.58000000,25.12429600,1615501079999,1453463.24177628,2379,13.76516000,796348.17743764,0
2021-03-11 17:18:59.999,1615501080000,57862.47000000,57879.56000000,57859.23000000,57873.34000000,27.55969700,1615501139999,1594852.35389514,1736,13.83279300,800507.32820785,0
2021-03-11 17:19:59.999,1615501140000,57870.12000000,57890.45000000,57861.47000000,57890.45000000,24.97182900,1615501199999,1445292.40450369,2167,12.55260300,726539.32764644,0
2021-03-11 17:20:59.999,1615501200000,57890.45000000,57907.12000000,57873.65000000,57900.89000000,46.89636600,1615501259999,2715094.66618044,2279,24.87076000,1439982.90978627,0
2021-03-11 17:21:59.999,1615501260000,57900.89000000,58000.00000000,57900.00000000,58000.00000000,269.90728300,1615501319999,15649126.09351491,8717,209.74002600,12160266.20133777,0
2021-03-11 17:22:59.999,1615501320000,57999.99000000,58000.00000000,57900.00000000,57992.06000000,157.03248700,1615501379999,9104602.09171645,4668,107.19148900,6215741.94210595,0
2021-03-11 17:23:59.999,1615501380000,57992.06000000,58050.00000000,57926.65000000,57933.18000000,101.44336600,1615501439999,5884682.62022474,5066,55.01839400,3191791.77555966,0
2021-03-11 17:24:59.999,1615501440000,57933.18000000,57940.53000000,57749.86000000,57912.10000000,73.41252300,1615501499999,4247326.51641356,3518,32.25204000,1866410.57164751,0
2021-03-11 17:25:59.999,1615501500000,57912.10000000,57938.33000000,57804.46000000,57902.00000000,58.78112300,1615501559999,3402295.83514966,2671,28.54906100,1652399.92873531,0
2021-03-11 17:26:59.999,1615501560000,57905.16000000,57914.64000000,57840.00000000,57841.30000000,29.84537600,1615501619999,1727138.33565493,1960,13.24979900,766799.24777516,0
2021-03-11 17:27:59.999,1615501620000,57841.29000000,57879.97000000,57820.01000000,57828.93000000,27.63849900,1615501679999,1598960.14922451,2168,15.72144700,909563.79834226,0
2021-03-11 17:28:59.999,1615501680000,57824.32000000,57836.15000000,57629.55000000,57721.48000000,87.10883000,1615501739999,5027320.63712193,3319,39.65596300,2288625.86287150,0
2021-03-11 17:29:59.999,1615501740000,57717.88000000,57732.95000000,57600.00000000,57663.55000000,43.20477000,1615501799999,2491307.77620286,2910,18.59224100,1072231.58801397,0
2021-03-11 17:30:59.999,1615501800000,57673.40000000,57821.09000000,57659.73000000,57817.08000000,60.57092300,1615501859999,3497389.25354789,2703,42.00525300,2425445.08940328,0
2021-03-11 17:31:59.999,1615501860000,57817.08000000,57920.00000000,57807.08000000,57920.00000000,35.73715000,1615501919999,2067356.91317700,2745,19.14634900,1107745.66776466,0
2021-03-11 17:32:59.999,1615501920000,57920.00000000,57961.47000000,57859.69000000,57868.84000000,49.37983000,1615501979999,2859653.38522802,2531,21.97810800,1273029.27839072,0
2021-03-11 17:33:59.999,1615501980000,57871.89000000,57894.81000000,57787.95000000,57800.70000000,44.78724800,1615502039999,2590953.91761026,2625,22.23234900,1286302.12055785,0
2021-03-11 17:34:59.999,1615502040000,57803.29000000,57834.50000000,57786.16000000,57799.42000000,30.88904600,1615502099999,1785623.10557174,1800,19.02005600,1099536.26863299,0
2021-03-11 17:35:59.999,1615502100000,57799.42000000,57805.49000000,57730.00000000,57735.51000000,31.97711700,1615502159999,1847576.84721676,2466,14.76921100,853426.42620558,0
2021-03-11 17:36:59.999,1615502160000,57730.55000000,57735.51000000,57641.87000000,57665.07000000,45.71501800,1615502219999,2636872.80423152,2080,13.62976400,786234.04983348,0
2021-03-11 17:37:59.999,1615502220000,57665.07000000,57834.24000000,57661.00000000,57771.79000000,41.19086600,1615502279999,2379368.97520674,2033,27.16409000,1569029.13057832,0
2021-03-11 17:38:59.999,1615502280000,57771.78000000,57829.47000000,57771.78000000,57799.88000000,18.05433400,1615502339999,1043614.74658205,1448,11.47782700,663490.13592858,0
2021-03-11 17:39:59.999,1615502340000,57801.49000000,57801.50000000,57714.89000000,57744.98000000,38.62879100,1615502399999,2230656.31208680,2635,18.59305900,1073726.40315506,0
2021-03-11 17:40:59.999,1615502400000,57737.86000000,57753.37000000,57705.27000000,57705.30000000,33.73642500,1615502459999,1947416.73598932,1525,17.26689600,996761.33430741,0
2021-03-11 17:41:59.999,1615502460000,57712.90000000,57723.57000000,57662.12000000,57666.88000000,37.24883000,1615502519999,2149004.42753531,2327,15.60868500,900599.74852263,0
2021-03-11 17:42:59.999,1615502520000,57666.88000000,57786.47000000,57662.12000000,57718.94000000,40.66336500,1615502579999,2346457.92419458,1619,16.79738400,969299.69090202,0
2021-03-11 17:43:59.999,1615502580000,57718.94000000,57720.00000000,57581.30000000,57607.29000000,80.41603200,1615502639999,4633681.70372964,2658,34.87619300,2009305.28516174,0
2021-03-11 17:44:59.999,1615502640000,57607.29000000,57721.60000000,57596.77000000,57651.72000000,50.55557800,1615502699999,2914755.62879853,2122,20.16155200,1162466.77231766,0
2021-03-11 17:45:59.999,1615502700000,57648.49000000,57656.93000000,57527.29000000,57530.44000000,73.14970600,1615502759999,4211541.97144180,2423,22.56932800,1299525.98974157,0
2021-03-11 17:46:59.999,1615502760000,57530.44000000,57554.81000000,57462.12000000,57476.85000000,68.00364900,1615502819999,3910177.54199415,2562,17.95702600,1032568.21675778,0
2021-03-11 17:47:59.999,1615502820000,57476.51000000,57642.09000000,57469.19000000,57642.09000000,29.37516700,1615502879999,1691017.02116635,2409,16.15842500,930181.86938847,0
2021-03-11 17:48:59.999,1615502880000,57642.09000000,57650.00000000,57528.14000000,57556.17000000,35.45993300,1615502939999,2041771.72282384,1596,18.87499400,1086758.72838245,0
2021-03-11 17:49:59.999,1615502940000,57557.51000000,57660.00000000,57537.91000000,57539.25000000,44.38759800,1615502999999,2556650.08424847,2026,24.93575200,1436216.40443733,0
2021-03-11 17:50:59.999,1615503000000,57539.25000000,57624.23000000,57514.95000000,57624.22000000,33.83752100,1615503059999,1947854.80678320,1388,22.32914700,1285417.29221217,0
2021-03-11 17:51:59.999,1615503060000,57624.22000000,57624.23000000,57581.34000000,57597.58000000,25.32255800,1615503119999,1458595.29047179,1655,12.12225300,698246.90536699,0
2021-03-11 17:52:59.999,1615503120000,57597.58000000,57661.02000000,57597.58000000,57655.03000000,20.12605500,1615503179999,1159825.97463038,1228,10.11088300,582628.55032967,0
2021-03-11 17:53:59.999,1615503180000,57659.31000000,57763.23000000,57647.09000000,57698.33000000,50.54439900,1615503239999,2917241.41034345,2763,22.20430000,1281523.92591337,0
2021-03-11 17:54:59.999,1615503240000,57698.33000000,57800.00000000,57678.04000000,57798.02000000,47.34547600,1615503299999,2734721.79636944,1798,27.01799900,1560561.54636443,0
2021-03-11 17:55:59.999,1615503300000,57798.02000000,57869.13000000,57798.02000000,57869.13000000,39.91397500,1615503359999,2308255.86556347,2286,21.52641500,1244872.67116016,0
2021-03-11 17:56:59.999,1615503360000,57869.13000000,57929.58000000,57854.93000000,57912.49000000,40.67757700,1615503419999,2354769.12313665,1987,20.39452500,1180684.48575513,0
2021-03-11 17:57:59.999,1615503420000,57912.50000000,57959.18000000,57711.20000000,57761.81000000,91.81023300,1615503479999,5309939.10934311,2965,28.58710300,1653287.59850338,0
2021-03-11 17:58:59.999,1615503480000,57766.95000000,57920.00000000,57756.33000000,57874.65000000,55.99005300,1615503539999,3239278.61453243,2069,28.08586700,1624816.91197831,0
2021-03-11 17:59:59.999,1615503540000,57874.66000000,57945.58000000,57863.35000000,57874.67000000,36.80873800,1615503599999,2131957.97568905,1485,20.39739200,1181396.07086813,0
2021-03-11 18:00:59.999,1615503600000,57882.57000000,57993.54000000,57854.42000000,57990.01000000,54.03348500,1615503659999,3132088.90400975,1580,30.86886300,1789451.23580335,0
2021-03-11 18:01:59.999,1615503660000,57990.00000000,58021.27000000,57900.00000000,57988.96000000,77.18186700,1615503719999,4475236.96570908,2095,53.46531200,3100172.34235462,0
2021-03-11 18:02:59.999,1615503720000,57988.96000000,58015.82000000,57884.53000000,57900.01000000,81.45246300,1615503779999,4720998.81726543,1722,34.09689200,1976173.86771168,0
2021-03-11 18:03:59.999,1615503780000,57900.00000000,58000.00000000,57890.00000000,58000.00000000,78.00957700,1615503839999,4523305.08590027,1203,54.98283900,3188309.59452220,0
2021-03-11 18:04:59.999,1615503840000,58000.00000000,58049.46000000,57994.76000000,58049.46000000,92.02899600,1615503899999,5339278.36906983,1637,67.37143300,3908633.59476128,0
2021-03-11 18:05:59.999,1615503900000,58049.69000000,58150.00000000,58031.13000000,58138.78000000,161.55057900,1615503959999,9386568.85203563,5518,109.02879700,6334546.64046510,0
2021-03-11 18:06:59.999,1615503960000,58138.78000000,58139.68000000,58017.89000000,58021.24000000,81.75891300,1615504019999,4748258.58394279,1954,34.60557400,2009318.34304429,0
2021-03-11 18:07:59.999,1615504020000,58021.24000000,58109.25000000,57962.91000000,57973.13000000,107.82197100,1615504079999,6258522.72943690,2184,45.66181600,2650370.63439363,0
2021-03-11 18:08:59.999,1615504080000,57973.13000000,58020.37000000,57814.49000000,57831.66000000,82.69616400,1615504139999,4788773.31752504,2052,30.26298100,1752666.64574266,0
2021-03-11 18:09:59.999,1615504140000,57831.66000000,57965.40000000,57831.66000000,57924.74000000,55.11971000,1615504199999,3191798.25095756,1258,29.13293100,1686690.33736588,0
2021-03-11 18:10:59.999,1615504200000,57924.75000000,58022.54000000,57855.08000000,57991.24000000,52.00640100,1615504259999,3014319.97719597,1278,32.85987800,1904868.95323787,0
2021-03-11 18:11:59.999,1615504260000,57991.25000000,58020.00000000,57930.95000000,58020.00000000,40.87558500,1615504319999,2370341.43791982,1079,23.08390700,1338519.95102535,0
2021-03-11 18:12:59.999,1615504320000,58019.85000000,58024.96000000,57950.02000000,57999.82000000,35.54269500,1615504379999,2061374.24434292,1036,19.85986400,1151826.67207994,0
2021-03-11 18:13:59.999,1615504380000,58005.01000000,58010.63000000,57950.23000000,57984.88000000,28.36473600,1615504439999,1644710.83754668,936,14.01856100,812848.29578306,0
2021-03-11 18:14:59.999,1615504440000,57984.88000000,58010.06000000,57902.10000000,57916.60000000,39.31045600,1615504499999,2278274.73220987,1202,19.73887600,1144120.13893750,0
2021-03-11 18:15:59.999,1615504500000,57916.59000000,58015.77000000,57916.59000000,57992.07000000,32.97862900,1615504559999,1912118.05722643,1017,19.76534400,1145971.00801638,0
2021-03-11 18:16:59.999,1615504560000,57983.67000000,57983.67000000,57817.75000000,57843.60000000,60.91925000,1615504619999,3526417.55102238,1664,23.46803300,1358693.03496366,0
2021-03-11 18:17:59.999,1615504620000,57843.60000000,57898.89000000,57816.30000000,57832.90000000,33.43643500,1615504679999,1934398.48940471,1128,15.78138400,912933.04252468,0
2021-03-11 18:18:59.999,1615504680000,57832.90000000,57961.48000000,57775.00000000,57917.56000000,77.14966300,1615504739999,4462871.49299304,1828,40.77639500,2359413.17786819,0
2021-03-11 18:19:59.999,1615504740000,57917.55000000,57957.97000000,57840.18000000,57882.66000000,36.38188700,1615504799999,2106369.34175305,981,23.13910800,1339874.20153152,0
2021-03-11 18:20:59.999,1615504800000,57882.10000000,57979.99000000,57867.99000000,57975.66000000,25.33270500,1615504859999,1468044.50224971,922,12.12955600,702949.46901447,0
2021-03-11 18:21:59.999,1615504860000,57975.66000000,58001.33000000,57960.45000000,57998.00000000,43.64675600,1615504919999,2530936.64103693,1165,26.90904700,1560383.58793709,0
2021-03-11 18:22:59.999,1615504920000,57998.00000000,58087.63000000,57998.00000000,58062.36000000,51.33663900,1615504979999,2979727.14722919,1503,32.43461500,1882473.12093689,0
2021-03-11 18:23:59.999,1615504980000,58062.37000000,58150.00000000,58062.36000000,58131.33000000,67.52641800,1615505039999,3924427.46937026,2093,44.04387000,2559622.60739967,0
2021-03-11 18:24:59.999,1615505040000,58131.33000000,58150.00000000,58020.22000000,58060.14000000,80.33943200,1615505099999,4666951.67570438,1875,46.97511400,2728691.32241800,0
2021-03-11 18:25:59.999,1615505100000,58060.13000000,58067.99000000,57942.84000000,58023.99000000,65.95914900,1615505159999,3825532.24661205,1403,27.75967300,1609954.30628856,0
2021-03-11 18:26:59.999,1615505160000,58023.99000000,58067.97000000,57992.06000000,58020.28000000,34.98271500,1615505219999,2030135.05437917,1066,15.07604500,874946.93906337,0
2021-03-11 18:27:59.999,1615505220000,58020.28000000,58069.96000000,57941.13000000,58029.71000000,50.51475700,1615505279999,2930345.03729609,1196,34.98821400,2029535.43176377,0
2021-03-11 18:28:59.999,1615505280000,58029.72000000,58049.94000000,57978.25000000,58021.00000000,38.18054800,1615505339999,2215437.40766723,963,22.63691500,1313533.35140895,0
2021-03-11 18:29:59.999,1615505340000,58021.01000000,58045.06000000,57952.71000000,57987.67000000,39.38798500,1615505399999,2284568.92238424,956,14.84390500,860956.53782705,0
2021-03-11 18:30:59.999,1615505400000,57987.67000000,58037.00000000,57964.02000000,57965.69000000,39.79501000,1615505459999,2307946.00180917,996,11.76341400,682118.31004347,0
2021-03-11 18:31:59.999,1615505460000,57965.22000000,57995.00000000,57901.58000000,57963.12000000,38.59889500,1615505519999,2236732.66939858,1155,13.95622000,808814.26132462,0
2021-03-11 18:32:59.999,1615505520000,57963.12000000,57974.03000000,57845.75000000,57845.76000000,67.09314700,1615505579999,3884954.02218684,1582,23.68044500,1370909.99039755,0
2021-03-11 18:33:59.999,1615505580000,57845.76000000,57851.48000000,57720.26000000,57784.65000000,106.04509400,1615505639999,6126480.48642110,2330,40.42946900,2336010.27250838,0
2021-03-11 18:34:59.999,1615505640000,57784.65000000,57913.65000000,57774.68000000,57803.82000000,53.05781700,1615505699999,3068409.31436391,1314,34.29849000,1983813.32835270,0
2021-03-11 18:35:59.999,1615505700000,57803.83000000,57920.52000000,57803.80000000,57908.28000000,38.27353500,1615505759999,2215131.63786584,998,22.89389000,1325098.55070396,0
2021-03-11 18:36:59.999,1615505760000,57908.28000000,57969.62000000,57869.70000000,57890.46000000,22.91308100,1615505819999,1326870.76510572,885,14.41992100,834975.18318140,0
2021-03-11 18:37:59.999,1615505820000,57889.39000000,57889.40000000,57779.30000000,57813.94000000,26.07285100,1615505879999,1507764.69567433,994,11.84952900,685240.46600427,0
2021-03-11 18:38:59.999,1615505880000,57813.93000000,57857.76000000,57775.77000000,57824.57000000,21.79664400,1615505939999,1260185.43426263,758,9.77738900,565295.34621190,0
2021-03-11 18:39:59.999,1615505940000,57825.32000000,57903.07000000,57819.48000000,57830.34000000,15.91178700,1615505999999,920762.81725522,722,9.82913700,568790.07301242,0
2021-03-11 18:40:59.999,1615506000000,57834.25000000,57880.00000000,57807.68000000,57807.68000000,29.89952200,1615506059999,1729601.77116565,793,17.20110400,995013.51259216,0
2021-03-11 18:41:59.999,1615506060000,57807.68000000,57819.82000000,57736.73000000,57757.42000000,38.80225600,1615506119999,2242061.08689039,1050,9.84269600,568733.32254522,0
2021-03-11 18:42:59.999,1615506120000,57752.61000000,57812.35000000,57700.00000000,57812.34000000,49.57693900,1615506179999,2862602.71408558,1169,14.56809600,841391.56845708,0
2021-03-11 18:43:59.999,1615506180000,57812.35000000,57850.00000000,57800.01000000,57812.36000000,36.65058200,1615506239999,2119496.54956894,1003,19.44701400,1124606.24099610,0
2021-03-11 18:44:59.999,1615506240000,57812.35000000,57812.35000000,57700.00000000,57724.31000000,42.16155900,1615506299999,2434864.08394650,1243,14.38636500,830646.64194210,0
2021-03-11 18:45:59.999,1615506300000,57724.32000000,57812.36000000,57724.31000000,57812.36000000,25.22780500,1615506359999,1457595.68744011,807,12.31659800,711626.42643709,0
2021-03-11 18:46:59.999,1615506360000,57812.36000000,57850.00000000,57788.62000000,57823.02000000,53.63462600,1615506419999,3100943.22922598,1056,41.66992400,2409256.22959591,0
2021-03-11 18:47:59.999,1615506420000,57823.02000000,57847.26000000,57790.68000000,57800.02000000,26.10309600,1615506479999,1509281.10349009,893,10.38009000,600174.49645296,0
2021-03-11 18:48:59.999,1615506480000,57800.02000000,57870.00000000,57800.00000000,57842.39000000,34.72587700,1615506539999,2008123.71283880,916,16.41536200,949323.84608040,0
2021-03-11 18:49:59.999,1615506540000,57842.38000000,57862.88000000,57784.72000000,57794.30000000,34.92554700,1615506599999,2019714.95738001,906,15.56886200,900294.60585155,0
2021-03-11 18:50:59.999,1615506600000,57795.92000000,57838.70000000,57788.52000000,57814.13000000,16.26414700,1615506659999,940277.85828913,683,7.99536200,462221.62140715,0
2021-03-11 18:51:59.999,1615506660000,57814.40000000,57842.34000000,57757.00000000,57833.55000000,36.71498300,1615506719999,2122315.94677481,1147,19.81506700,1145393.42467174,0
2021-03-11 18:52:59.999,1615506720000,57838.08000000,57849.00000000,57790.00000000,57830.00000000,21.06630100,1615506779999,1218073.99824970,762,13.03996100,754003.32707344,0
2021-03-11 18:53:59.999,1615506780000,57830.00000000,57834.18000000,57604.16000000,57664.06000000,82.94185000,1615506839999,4786210.14075299,2158,29.84338700,1722133.86428256,0
2021-03-11 18:54:59.999,1615506840000,57664.06000000,57789.35000000,57656.41000000,57787.65000000,48.10697200,1615506899999,2777005.41914867,1143,25.24365800,1457116.03517981,0
2021-03-11 18:55:59.999,1615506900000,57787.65000000,57787.66000000,57675.00000000,57739.03000000,26.78843400,1615506959999,1546376.25528325,811,11.84093300,683505.99200255,0
2021-03-11 18:56:59.999,1615506960000,57739.04000000,57806.24000000,57739.04000000,57806.23000000,19.94796100,1615507019999,1152365.75998872,755,10.10055900,583508.12874420,0
2021-03-11 18:57:59.999,1615507020000,57806.23000000,57815.33000000,57675.65000000,57792.85000000,45.92369300,1615507079999,2651902.60386385,1105,25.19966100,1455177.91979144,0
2021-03-11 18:58:59.999,1615507080000,57787.99000000,57799.00000000,57706.63000000,57765.31000000,24.40449700,1615507139999,1409503.79373574,930,10.89626000,629298.43171525,0
2021-03-11 18:59:59.999,1615507140000,57762.95000000,57798.99000000,57705.49000000,57773.16000000,32.11517900,1615507199999,1854826.69713694,1024,13.83775800,799158.75117633,0
2021-03-11 19:00:59.999,1615507200000,57773.15000000,57955.72000000,57773.15000000,57883.26000000,161.25424400,1615507259999,9334683.14781864,3701,85.65383800,4957915.62031634,0
2021-03-11 19:01:59.999,1615507260000,57883.26000000,57976.00000000,57856.46000000,57901.67000000,56.34455600,1615507319999,3264433.75212305,1891,32.50355600,1883121.63874306,0
2021-03-11 19:02:59.999,1615507320000,57901.67000000,57999.00000000,57883.22000000,57979.08000000,73.11647500,1615507379999,4237062.60385145,2313,35.66897600,2066939.21450435,0
2021-03-11 19:03:59.999,1615507380000,57979.08000000,58081.51000000,57956.10000000,58022.56000000,79.16560900,1615507439999,4593800.66709741,3189,43.18470400,2505820.61629424,0
2021-03-11 19:04:59.999,1615507440000,58031.88000000,58049.00000000,57838.65000000,57950.05000000,75.93431000,1615507499999,4399667.88987202,2345,31.71732800,1837365.36786895,0
2021-03-11 19:05:59.999,1615507500000,57950.05000000,57969.94000000,57666.00000000,57679.20000000,151.60864300,1615507559999,8757678.35734415,3359,55.59218400,3210174.03149708,0
2021-03-11 19:06:59.999,1615507560000,57683.95000000,57886.96000000,57677.86000000,57750.01000000,106.79925400,1615507619999,6170603.58901590,2325,60.98949900,3523342.00208625,0
2021-03-11 19:07:59.999,1615507620000,57764.01000000,57784.86000000,57692.98000000,57724.34000000,31.35378900,1615507679999,1810429.34687822,1697,13.89873900,802547.60455809,0
2021-03-11 19:08:59.999,1615507680000,57724.33000000,57736.44000000,57530.00000000,57545.18000000,85.83475200,1615507739999,4943931.74081454,2944,19.28696700,1110828.15940882,0
2021-03-11 19:09:59.999,1615507740000,57545.18000000,57698.60000000,57453.00000000,57613.40000000,125.52554200,1615507799999,7223281.66449110,3399,62.67722800,3607737.43499753,0
2021-03-11 19:10:59.999,1615507800000,57613.37000000,57698.63000000,57583.41000000,57679.42000000,29.74267700,1615507859999,1714273.49098421,1314,16.98916700,979135.42675684,0
2021-03-11 19:11:59.999,1615507860000,57688.68000000,57694.94000000,57640.54000000,57657.19000000,26.24035400,1615507919999,1513400.61114289,1796,13.75614900,793442.88546340,0
2021-03-11 19:12:59.999,1615507920000,57660.07000000,57725.83000000,57651.53000000,57678.84000000,20.48567100,1615507979999,1181895.23882138,1144,8.25519200,476306.96959988,0
2021-03-11 19:13:59.999,1615507980000,57678.84000000,57716.83000000,57655.29000000,57673.38000000,21.53634100,1615508039999,1242355.36477680,1507,11.43938500,659945.54284116,0
2021-03-11 19:14:59.999,1615508040000,57673.38000000,57777.91000000,57667.85000000,57739.91000000,24.14608800,1615508099999,1394165.82239617,1517,13.53062400,781311.63174110,0
2021-03-11 19:15:59.999,1615508100000,57739.91000000,57835.15000000,57737.48000000,57830.00000000,31.40849900,1615508159999,1815430.36944303,1785,16.24841500,939167.36011583,0
2021-03-11 19:16:59.999,1615508160000,57834.79000000,57886.91000000,57740.41000000,57768.23000000,40.01363300,1615508219999,2313783.28502528,1651,17.60592400,1018159.38877187,0
2021-03-11 19:17:59.999,1615508220000,57766.61000000,57789.46000000,57671.06000000,57689.99000000,26.56345100,1615508279999,1533543.12727671,1759,12.34210200,712578.35015132,0
2021-03-11 19:18:59.999,1615508280000,57689.99000000,57690.00000000,57559.93000000,57672.42000000,54.16951800,1615508339999,3121995.98081836,1948,24.35741200,1403911.04805368,0
2021-03-11 19:19:59.999,1615508340000,57672.42000000,57740.85000000,57656.37000000,57680.39000000,27.04893900,1615508399999,1560955.03268867,1549,13.54150200,781479.30791196,0
2021-03-11 19:20:59.999,1615508400000,57683.36000000,57688.04000000,57534.04000000,57560.71000000,44.20776800,1615508459999,2546251.96067432,1840,18.02994700,1038447.66732961,0
2021-03-11 19:21:59.999,1615508460000,57560.71000000,57625.15000000,57500.00000000,57513.62000000,28.91783600,1615508519999,1664542.16205083,1668,11.66173300,671279.67212357,0
2021-03-11 19:22:59.999,1615508520000,57520.31000000,57530.35000000,57300.00000000,57311.31000000,170.73074600,1615508579999,9798039.23798006,4481,56.65667200,3250644.46646608,0
2021-03-11 19:23:59.999,1615508580000,57303.07000000,57419.59000000,57200.10000000,57361.82000000,157.97409200,1615508639999,9052796.81164126,4565,70.52082100,4041075.37296353,0
2021-03-11 19:24:59.999,1615508640000,57360.66000000,57450.00000000,57318.98000000,57416.25000000,43.26495200,1615508699999,2483090.82420813,1671,25.70782800,1475397.42479119,0
2021-03-11 19:25:59.999,1615508700000,57416.25000000,57439.95000000,57135.19000000,57198.31000000,117.12835900,1615508759999,6705442.58235115,3734,47.17701400,2700836.92339729,0
2021-03-11 19:26:59.999,1615508760000,57190.30000000,57257.63000000,57122.87000000,57207.41000000,134.31386600,1615508819999,7681625.16091602,2734,78.27135100,4476590.71928249,0
2021-03-11 19:27:59.999,1615508820000,57207.41000000,57350.00000000,57201.77000000,57295.04000000,84.77631200,1615508879999,4856304.93265167,2383,38.18492100,2187527.31542993,0
2021-03-11 19:28:59.999,1615508880000,57291.78000000,57300.00000000,57124.82000000,57172.41000000,91.52852800,1615508939999,5234549.53929921,1929,38.03148900,2175289.97860236,0
2021-03-11 19:29:59.999,1615508940000,57172.42000000,57198.02000000,57000.00000000,57048.73000000,153.41940300,1615508999999,8756715.65333003,4447,49.48899800,2824664.80571393,0
2021-03-11 19:30:59.999,1615509000000,57059.99000000,57310.47000000,57059.99000000,57238.03000000,75.10600000,1615509059999,4297307.77246603,2597,40.01035500,2289132.52819241,0
2021-03-11 19:31:59.999,1615509060000,57238.03000000,57287.60000000,57106.63000000,57137.45000000,51.62477100,1615509119999,2953103.43477396,2224,22.76410400,1302326.74257319,0
2021-03-11 19:32:59.999,1615509120000,57137.44000000,57230.40000000,57120.19000000,57155.00000000,33.38673400,1615509179999,1908977.48258393,1598,15.64442200,894442.35017645,0
2021-03-11 19:33:59.999,1615509180000,57155.00000000,57228.78000000,57130.29000000,57181.76000000,43.45461300,1615509239999,2484720.94076712,1613,17.18266100,982486.99983140,0
2021-03-11 19:34:59.999,1615509240000,57181.77000000,57185.21000000,57067.88000000,57099.94000000,41.38129600,1615509299999,2363854.96139116,1553,19.44088400,1110510.61146258,0
2021-03-11 19:35:59.999,1615509300000,57091.18000000,57197.84000000,57090.01000000,57173.36000000,46.00868400,1615509359999,2628567.26633924,2113,30.56408500,1746216.37959835,0
2021-03-11 19:36:59.999,1615509360000,57176.12000000,57190.80000000,57114.42000000,57167.87000000,33.50023600,1615509419999,1914801.80139484,1172,13.47303100,770127.30737955,0
2021-03-11 19:37:59.999,1615509420000,57167.87000000,57177.94000000,57067.88000000,57067.89000000,53.09355800,1615509479999,3032666.98931266,1818,17.72805600,1012655.79223087,0
2021-03-11 19:38:59.999,1615509480000,57067.88000000,57068.49000000,56805.87000000,56809.92000000,234.54184900,1615509539999,13350060.59677535,5275,83.65299300,4759813.09901322,0
2021-03-11 19:39:59.999,1615509540000,56812.51000000,56882.90000000,56789.00000000,56797.21000000,110.67441400,1615509599999,6290905.49122879,2874,30.14651900,1713709.78383090,0
2021-03-11 19:40:59.999,1615509600000,56797.21000000,56908.73000000,56777.77000000,56899.39000000,83.24898500,1615509659999,4731706.34442512,2286,39.43761700,2241524.66372198,0
2021-03-11 19:41:59.999,1615509660000,56900.00000000,57030.01000000,56890.50000000,56975.95000000,57.55475500,1615509719999,3278702.07448608,2566,34.61327000,1971909.49725258,0
2021-03-11 19:42:59.999,1615509720000,56975.94000000,56986.55000000,56806.71000000,56904.26000000,93.19869500,1615509779999,5301451.78177241,1939,31.34724600,1782702.21418908,0
2021-03-11 19:43:59.999,1615509780000,56904.26000000,56975.57000000,56874.17000000,56914.94000000,32.49855000,1615509839999,1850089.07876555,1755,19.09401700,1087014.61229499,0
2021-03-11 19:44:59.999,1615509840000,56914.93000000,56985.00000000,56907.89000000,56965.00000000,23.08099400,1615509899999,1314661.74016124,1408,11.21858000,639017.69668825,0
2021-03-11 19:45:59.999,1615509900000,56965.00000000,57058.19000000,56925.99000000,57041.87000000,46.75757800,1615509959999,2664542.78587963,1791,23.90143000,1362293.10591669,0
2021-03-11 19:46:59.999,1615509960000,57037.04000000,57188.96000000,57036.14000000,57152.63000000,61.29734200,1615510019999,3500684.12033848,1899,40.87083600,2334202.68911422,0
2021-03-11 19:47:59.999,1615510020000,57153.15000000,57198.78000000,57105.06000000,57180.74000000,36.92060000,1615510079999,2109886.35592106,2105,21.56779500,1232559.49502354,0
2021-03-11 19:48:59.999,1615510080000,57180.73000000,57224.84000000,57149.01000000,57218.80000000,46.31098400,1615510139999,2648133.71946559,1688,20.67473600,1182149.50212429,0
2021-03-11 19:49:59.999,1615510140000,57218.79000000,57250.00000000,57175.17000000,57246.18000000,46.15720500,1615510199999,2641514.93981245,1854,24.58144100,1406746.83787364,0
2021-03-11 19:50:59.999,1615510200000,57246.17000000,57305.67000000,57225.01000000,57303.52000000,51.65938200,1615510259999,2958058.59721743,2155,31.26955100,1790562.39843464,0
2021-03-11 19:51:59.999,1615510260000,57303.53000000,57383.66000000,57271.89000000,57328.36000000,66.05132600,1615510319999,3786166.09961439,2333,41.07124300,2354174.53563152,0
2021-03-11 19:52:59.999,1615510320000,57328.30000000,57340.25000000,57212.74000000,57304.63000000,49.00934200,1615510379999,2806553.77451396,1863,19.21588300,1100533.19073208,0
2021-03-11 19:53:59.999,1615510380000,57304.62000000,57335.43000000,57269.50000000,57330.48000000,27.36126900,1615510439999,1567909.22072088,1790,13.14021100,753024.15964831,0
2021-03-11 19:54:59.999,1615510440000,57330.49000000,57456.20000000,57329.51000000,57442.02000000,47.09101500,1615510499999,2702609.09273201,2009,19.98490100,1147008.02119051,0
2021-03-11 19:55:59.999,1615510500000,57442.03000000,57442.03000000,57333.83000000,57404.73000000,61.49848000,1615510559999,3529003.12002767,2136,20.43478500,1172541.15107271,0
2021-03-11 19:56:59.999,1615510560000,57404.72000000,57469.22000000,57380.89000000,57469.21000000,38.22966300,1615510619999,2195643.51194244,1659,23.14806900,1329416.48513559,0
2021-03-11 19:57:59.999,1615510620000,57469.22000000,57482.64000000,57413.98000000,57476.91000000,53.03186200,1615510679999,3046566.62827956,2052,23.13589200,1329235.26923862,0
2021-03-11 19:58:59.999,1615510680000,57476.92000000,57522.64000000,57369.33000000,57371.17000000,44.88716200,1615510739999,2579355.00112607,2128,24.59282700,1413257.04909579,0
2021-03-11 19:59:59.999,1615510740000,57369.97000000,57395.54000000,57292.22000000,57362.04000000,55.16786700,1615510799999,3163221.68743353,1887,21.20330500,1215827.14313197,0
2021-03-11 20:00:59.999,1615510800000,57362.05000000,57376.73000000,57180.76000000,57211.39000000,64.77844800,1615510859999,3708674.46537444,2494,24.61900700,1409614.94816957,0
2021-03-11 20:01:59.999,1615510860000,57211.39000000,57337.22000000,57209.18000000,57285.63000000,30.20587300,1615510919999,1730360.65893215,1955,18.10706900,1037187.50089651,0
2021-03-11 20:02:59.999,1615510920000,57285.63000000,57285.63000000,57200.00000000,57237.20000000,35.08850500,1615510979999,2008417.15864246,1965,15.45187100,884436.97803790,0
2021-03-11 20:03:59.999,1615510980000,57237.20000000,57295.04000000,57221.97000000,57293.39000000,23.47613300,1615511039999,1344131.73054497,1779,11.36706700,650761.52432929,0
2021-03-11 20:04:59.999,1615511040000,57293.39000000,57395.78000000,57257.47000000,57387.52000000,36.47005400,1615511099999,2090939.64067839,1805,15.41419400,883674.02835430,0
2021-03-11 20:05:59.999,1615511100000,57387.52000000,57449.18000000,57387.52000000,57445.04000000,32.81114100,1615511159999,1884018.77544060,2215,13.43170400,771275.89472342,0
2021-03-11 20:06:59.999,1615511160000,57445.04000000,57500.00000000,57431.70000000,57499.99000000,29.99311800,1615511219999,1723532.55645283,1497,15.72707400,903747.31249093,0
2021-03-11 20:07:59.999,1615511220000,57499.99000000,57505.48000000,57400.00000000,57455.94000000,44.63915000,1615511279999,2564631.40054606,2026,19.21111300,1103685.22116461,0
2021-03-11 20:08:59.999,1615511280000,57455.94000000,57508.47000000,57435.00000000,57465.99000000,35.54085900,1615511339999,2042479.17654371,1615,25.91761100,1489463.16382675,0
2021-03-11 20:09:59.999,1615511340000,57466.00000000,57496.52000000,57458.07000000,57460.16000000,18.03237000,1615511399999,1036416.87528036,1964,8.93928100,513779.39872516,0
2021-03-11 20:10:59.999,1615511400000,57460.16000000,57530.00000000,57450.96000000,57525.77000000,54.33262300,1615511459999,3123866.69614267,2238,32.75523900,1883224.59748476,0
2021-03-11 20:11:59.999,1615511460000,57529.99000000,57620.48000000,57480.68000000,57580.38000000,75.10483800,1615511519999,4322697.14194519,2909,40.00160900,2302720.38854910,0
2021-03-11 20:12:59.999,1615511520000,57581.11000000,57640.34000000,57570.75000000,57597.11000000,40.12449800,1615511579999,2311322.29464230,1664,19.92170800,1147523.32629540,0
2021-03-11 20:13:59.999,1615511580000,57593.77000000,57610.30000000,57525.02000000,57541.49000000,38.83960700,1615511639999,2235857.13843817,1788,20.32973900,1170292.21400532,0
2021-03-11 20:14:59.999,1615511640000,57541.50000000,57597.58000000,57525.00000000,57563.60000000,34.22888200,1615511699999,1970340.86176265,1975,17.81187700,1025354.49645879,0
2021-03-11 20:15:59.999,1615511700000,57563.61000000,57583.84000000,57473.59000000,57503.43000000,32.45067100,1615511759999,1866498.39567338,2118,15.19872800,874135.53065729,0
2021-03-11 20:16:59.999,1615511760000,57497.73000000,57537.55000000,57473.59000000,57492.91000000,30.65897800,1615511819999,1763112.19419444,1351,17.75038500,1020818.50816626,0
2021-03-11 20:17:59.999,1615511820000,57492.90000000,57514.07000000,57435.01000000,57436.31000000,66.32647000,1615511879999,3812737.86633132,2027,39.75449300,2285379.69865346,0
2021-03-11 20:18:59.999,1615511880000,57447.86000000,57456.23000000,57349.77000000,57439.12000000,43.91693800,1615511939999,2521301.38121530,1735,14.79237200,849241.75539153,0
2021-03-11 20:19:59.999,1615511940000,57439.13000000,57471.20000000,57358.52000000,57359.66000000,30.35428200,1615511999999,1743009.05184891,1884,8.99480300,516563.51108859,0
2021-03-11 20:20:59.999,1615512000000,57359.67000000,57428.78000000,57350.68000000,57365.01000000,23.44887300,1615512059999,1345621.10906039,1428,13.46994300,772972.67840451,0
2021-03-11 20:21:59.999,1615512060000,57365.00000000,57386.74000000,57222.22000000,57252.36000000,51.90933300,1615512119999,2975252.70805516,2031,15.25801900,874639.24838149,0
2021-03-11 20:22:59.999,1615512120000,57256.50000000,57283.85000000,57204.78000000,57208.26000000,55.43030300,1615512179999,3173668.53022770,1508,39.42752000,2257444.25163015,0
2021-03-11 20:23:59.999,1615512180000,57213.13000000,57328.34000000,57180.00000000,57311.65000000,66.37003100,1615512239999,3799686.43826022,2422,37.64343900,2155254.18936049,0
2021-03-11 20:24:59.999,1615512240000,57311.66000000,57316.72000000,57247.66000000,57294.73000000,23.62810600,1615512299999,1353302.27546700,1409,13.43057500,769234.45200883,0
2021-03-11 20:25:59.999,1615512300000,57294.73000000,57298.46000000,57200.00000000,57201.45000000,25.60451600,1615512359999,1465878.40445336,1390,14.38967400,823920.01079639,0
2021-03-11 20:26:59.999,1615512360000,57201.45000000,57312.80000000,57201.45000000,57312.80000000,17.00944600,1615512419999,974139.32140056,1350,8.38449000,480178.45739981,0
2021-03-11 20:27:59.999,1615512420000,57312.81000000,57368.04000000,57311.50000000,57350.13000000,27.05995800,1615512479999,1551596.71811350,1582,16.66479500,955601.92282500,0
2021-03-11 20:28:59.999,1615512480000,57350.14000000,57363.43000000,57292.36000000,57295.48000000,36.89504000,1615512539999,2115298.01299068,1643,10.68143100,612449.57999432,0
2021-03-11 20:29:59.999,1615512540000,57295.47000000,57422.34000000,57295.47000000,57385.91000000,29.79689900,1615512599999,1709680.01654030,2448,17.60576100,1010195.58094144,0
2021-03-11 20:30:59.999,1615512600000,57385.90000000,57392.43000000,57293.33000000,57379.74000000,29.33106900,1615512659999,1681736.92905901,1452,12.81903500,734986.25084211,0
2021-03-11 20:31:59.999,1615512660000,57379.74000000,57443.38000000,57373.23000000,57440.57000000,40.15923800,1615512719999,2305456.40439957,2020,20.79599800,1193877.30890843,0
2021-03-11 20:32:59.999,1615512720000,57440.57000000,57470.63000000,57398.36000000,57401.05000000,30.91239200,1615512779999,1775685.83951406,1414,10.79227600,619956.51221594,0
2021-03-11 20:33:59.999,1615512780000,57398.92000000,57420.01000000,57317.89000000,57320.00000000,32.41987100,1615512839999,1860085.29387086,1768,15.81282600,907348.43895708,0
2021-03-11 20:34:59.999,1615512840000,57320.01000000,57373.10000000,57159.12000000,57221.65000000,72.42060500,1615512899999,4146687.78427242,2108,24.62998400,1410000.79192482,0
2021-03-11 20:35:59.999,1615512900000,57221.65000000,57256.99000000,57022.00000000,57022.00000000,85.42936700,1615512959999,4878373.61059499,3494,22.75810400,1299334.57891776,0
2021-03-11 20:36:59.999,1615512960000,57022.01000000,57055.39000000,56855.59000000,56915.52000000,103.31176600,1615513019999,5882623.61964389,3169,40.11654500,2283586.87875496,0
2021-03-11 20:37:59.999,1615513020000,56915.53000000,57051.67000000,56900.00000000,57027.12000000,46.83355200,1615513079999,2668950.21547077,1682,26.07379100,1486006.66407056,0
2021-03-11 20:38:59.999,1615513080000,57027.13000000,57064.22000000,56948.22000000,57021.25000000,39.52869500,1615513139999,2253180.99506421,1399,26.85383400,1530598.57741764,0
2021-03-11 20:39:59.999,1615513140000,57021.25000000,57144.99000000,56996.20000000,57105.22000000,54.97368500,1615513199999,3138262.40722782,2077,39.49761900,2254787.45708232,0
2021-03-11 20:40:59.999,1615513200000,57105.22000000,57105.26000000,56953.11000000,56964.75000000,58.63719800,1615513259999,3343939.02909754,1482,23.30006400,1328383.12563635,0
2021-03-11 20:41:59.999,1615513260000,56964.75000000,57056.64000000,56955.49000000,56962.54000000,42.28295400,1615513319999,2410488.57330330,1663,25.54443300,1456369.09189310,0
2021-03-11 20:42:59.999,1615513320000,56962.27000000,56964.02000000,56840.83000000,56935.97000000,50.78940500,1615513379999,2890080.39022213,1737,17.71970400,1008169.85910756,0
2021-03-11 20:43:59.999,1615513380000,56935.97000000,56981.86000000,56880.77000000,56963.78000000,48.57987600,1615513439999,2765486.64152223,1709,15.67273800,892021.77729002,0
2021-03-11 20:44:59.999,1615513440000,56966.07000000,57004.05000000,56892.50000000,56927.43000000,38.57174100,1615513499999,2197099.35875039,1853,19.82499800,1129289.52896752,0
2021-03-11 20:45:59.999,1615513500000,56927.90000000,57033.13000000,56927.55000000,56960.18000000,41.20806700,1615513559999,2347853.84887588,1814,16.75046200,954421.54771586,0
2021-03-11 20:46:59.999,1615513560000,56960.18000000,56986.02000000,56886.25000000,56973.64000000,36.54449600,1615513619999,2080829.03585019,1347,14.16582700,806633.62396392,0
2021-03-11 20:47:59.999,1615513620000,56971.70000000,57029.83000000,56965.82000000,57015.32000000,29.90945500,1615513679999,1704677.19272564,1802,15.26605200,870033.15185749,0
2021-03-11 20:48:59.999,1615513680000,57015.32000000,57029.03000000,56972.58000000,57017.15000000,16.21538400,1615513739999,924420.30460344,1146,8.24626300,470112.44274178,0
2021-03-11 20:49:59.999,1615513740000,57017.16000000,57036.85000000,56950.00000000,56994.09000000,25.09762300,1615513799999,1430519.96058462,1584,8.49459000,484112.61400368,0
2021-03-11 20:50:59.999,1615513800000,56994.09000000,57040.06000000,56978.95000000,57025.70000000,33.52523400,1615513859999,1911139.05295696,1341,19.37273400,1104323.97221816,0
2021-03-11 20:51:59.999,1615513860000,57027.13000000,57102.75000000,57025.69000000,57054.13000000,35.29078500,1615513919999,2013684.52617417,1698,21.60206000,1232555.57976537,0
2021-03-11 20:52:59.999,1615513920000,57054.14000000,57174.25000000,57054.14000000,57125.11000000,32.16530600,1615513979999,1837402.26091712,1480,17.60098700,1005415.80485065,0
2021-03-11 20:53:59.999,1615513980000,57125.11000000,57175.82000000,57060.01000000,57063.71000000,26.65879900,1615514039999,1522824.08636767,1598,14.95796100,854545.47103844,0
2021-03-11 20:54:59.999,1615514040000,57063.71000000,57071.18000000,57044.85000000,57052.27000000,20.25404000,1615514099999,1155668.63799414,1188,6.53499400,372858.52710321,0
2021-03-11 20:55:59.999,1615514100000,57052.27000000,57100.12000000,56842.10000000,56846.72000000,80.92859100,1615514159999,4613940.03379520,2633,33.24508700,1896495.95810394,0
2021-03-11 20:56:59.999,1615514160000,56846.49000000,56883.24000000,56624.00000000,56771.34000000,205.99515900,1615514219999,11686500.45445051,6208,94.50379700,5361696.54186201,0
2021-03-11 20:57:59.999,1615514220000,56771.34000000,56887.74000000,56740.74000000,56747.84000000,47.77171400,1615514279999,2714473.04070129,2317,23.70142900,1346626.48667621,0
2021-03-11 20:58:59.999,1615514280000,56747.83000000,56902.94000000,56747.83000000,56858.28000000,22.66827100,1615514339999,1288314.89145070,1606,10.53616100,598818.87294759,0
2021-03-11 20:59:59.999,1615514340000,56863.51000000,56905.79000000,56846.07000000,56902.80000000,24.27403800,1615514399999,1380548.27531014,1178,10.88296400,618948.27864060,0
2021-03-11 21:00:59.999,1615514400000,56902.80000000,56925.67000000,56800.00000000,56801.91000000,33.57646300,1615514459999,1908537.90426098,1467,14.62698500,831457.38303781,0
2021-03-11 21:01:59.999,1615514460000,56801.91000000,56858.46000000,56789.00000000,56791.56000000,36.38289200,1615514519999,2067425.49752099,1291,17.24510600,979921.15182844,0
2021-03-11 21:02:59.999,1615514520000,56791.56000000,56863.93000000,56733.54000000,56797.32000000,33.24952800,1615514579999,1888436.43351426,1380,10.73209100,609597.35336252,0
2021-03-11 21:03:59.999,1615514580000,56797.31000000,56838.31000000,56751.29000000,56838.30000000,22.75943900,1615514639999,1292813.00690774,1197,11.53132800,655040.43552176,0
2021-03-11 21:04:59.999,1615514640000,56838.31000000,56889.21000000,56804.66000000,56885.04000000,35.36858500,1615514699999,2010715.84736195,1161,19.95651800,1134519.59982286,0
2021-03-11 21:05:59.999,1615514700000,56885.05000000,56960.28000000,56878.54000000,56941.00000000,34.70811700,1615514759999,1975664.91126953,1501,18.58411000,1057821.89731470,0
2021-03-11 21:06:59.999,1615514760000,56940.99000000,57022.78000000,56940.99000000,57007.20000000,39.78307600,1615514819999,2267110.42971967,1289,22.70754900,1293994.66588585,0
2021-03-11 21:07:59.999,1615514820000,57003.04000000,57045.48000000,56978.50000000,57028.86000000,29.68279800,1615514879999,1692453.33060801,1395,15.74458300,897731.16152478,0
2021-03-11 21:08:59.999,1615514880000,57028.87000000,57066.61000000,57018.09000000,57045.73000000,25.03448300,1615514939999,1428134.04132361,1098,14.32392100,817114.28054693,0
2021-03-11 21:09:59.999,1615514940000,57045.72000000,57045.72000000,56924.83000000,56974.50000000,28.21687300,1615514999999,1607900.56533363,1304,14.27615100,813469.37792114,0
2021-03-11 21:10:59.999,1615515000000,56974.50000000,57005.44000000,56929.74000000,56929.74000000,26.04700100,1615515059999,1484141.33030262,930,9.16928900,522482.28618614,0
2021-03-11 21:11:59.999,1615515060000,56929.74000000,56957.52000000,56866.35000000,56882.18000000,26.30447100,1615515119999,1497017.93149053,1411,11.87898800,676042.29589246,0
2021-03-11 21:12:59.999,1615515120000,56886.09000000,56887.65000000,56810.15000000,56853.03000000,24.94409300,1615515179999,1418321.35587693,999,11.22469500,638241.54299863,0
2021-03-11 21:13:59.999,1615515180000,56853.04000000,56867.53000000,56765.27000000,56806.25000000,36.54657200,1615515239999,2075832.66500894,1424,16.27451700,924336.37914972,0
2021-03-11 21:14:59.999,1615515240000,56806.25000000,56806.26000000,56700.00000000,56764.03000000,25.15909300,1615515299999,1427786.36192410,1388,10.05160800,570449.67199877,0
2021-03-11 21:15:59.999,1615515300000,56764.03000000,56849.08000000,56764.03000000,56795.97000000,28.94963100,1615515359999,1644756.45227090,1543,14.78603500,840042.98939738,0
2021-03-11 21:16:59.999,1615515360000,56795.98000000,56905.76000000,56790.67000000,56871.92000000,32.07605900,1615515419999,1824018.31485833,1037,18.46051500,1049685.71642858,0
2021-03-11 21:17:59.999,1615515420000,56871.92000000,56895.53000000,56797.17000000,56888.48000000,32.41582200,1615515479999,1842514.22464716,1266,13.74729600,781368.75786131,0
2021-03-11 21:18:59.999,1615515480000,56888.48000000,56930.66000000,56849.12000000,56926.09000000,29.05648900,1615515539999,1653213.26515223,955,9.32922600,530801.33171290,0
2021-03-11 21:19:59.999,1615515540000,56926.10000000,56934.13000000,56750.00000000,56810.00000000,37.60441600,1615515599999,2137657.53192079,1398,9.37460000,532826.75468058,0
2021-03-11 21:20:59.999,1615515600000,56816.45000000,56900.57000000,56803.36000000,56852.65000000,42.72967800,1615515659999,2429650.74186511,1152,18.12565400,1030697.96366583,0
2021-03-11 21:21:59.999,1615515660000,56852.64000000,56896.72000000,56838.78000000,56889.03000000,17.21727900,1615515719999,979265.34856745,943,8.76376900,498449.53968268,0
2021-03-11 21:22:59.999,1615515720000,56889.04000000,56953.58000000,56882.88000000,56905.01000000,16.74115400,1615515779999,952919.38699578,970,7.76456700,441970.36976676,0
2021-03-11 21:23:59.999,1615515780000,56905.01000000,56935.36000000,56855.89000000,56865.27000000,22.18334500,1615515839999,1261756.75279074,1328,12.98676700,738599.67451032,0
2021-03-11 21:24:59.999,1615515840000,56865.27000000,56865.27000000,56742.74000000,56762.49000000,32.29126500,1615515899999,1833933.70612396,1131,8.37304800,475511.86004111,0
2021-03-11 21:25:59.999,1615515900000,56762.48000000,56854.91000000,56713.58000000,56753.97000000,32.29384500,1615515959999,1833828.08336994,1240,17.09830800,971108.95007930,0
2021-03-11 21:26:59.999,1615515960000,56753.97000000,56806.21000000,56707.12000000,56806.21000000,28.79624100,1615516019999,1633884.01578257,1181,13.63744600,773803.68468846,0
2021-03-11 21:27:59.999,1615516020000,56806.21000000,56858.04000000,56783.27000000,56842.55000000,17.50591000,1615516079999,994633.10804187,1169,7.34013300,417105.04977234,0
2021-03-11 21:28:59.999,1615516080000,56842.55000000,56876.64000000,56762.25000000,56830.89000000,32.38022500,1615516139999,1840016.22215067,999,20.27633400,1152252.79191350,0
2021-03-11 21:29:59.999,1615516140000,56830.88000000,56867.63000000,56797.30000000,56832.70000000,20.98167700,1615516199999,1192550.37864085,1278,9.20758000,523303.92175519,0
2021-03-11 21:30:59.999,1615516200000,56832.71000000,56841.22000000,56756.00000000,56760.13000000,21.45143500,1615516259999,1218329.58380909,828,10.72005700,608881.91527036,0
2021-03-11 21:31:59.999,1615516260000,56760.13000000,56850.00000000,56756.00000000,56839.38000000,21.22648500,1615516319999,1205547.75804405,1265,11.39245200,646994.47350919,0
2021-03-11 21:32:59.999,1615516320000,56840.47000000,56998.97000000,56840.47000000,56998.97000000,29.27972500,1615516379999,1667209.44157400,1478,16.19242300,922038.28370056,0
2021-03-11 21:33:59.999,1615516380000,56998.97000000,56999.00000000,56913.61000000,56913.61000000,25.22999400,1615516439999,1437155.51165970,1152,12.70248000,723535.62723952,0
2021-03-11 21:34:59.999,1615516440000,56913.62000000,56982.74000000,56906.30000000,56950.25000000,29.76835900,1615516499999,1695492.66267707,930,14.70491700,837512.17766934,0
2021-03-11 21:35:59.999,1615516500000,56950.25000000,57025.61000000,56948.04000000,57024.80000000,27.15657900,1615516559999,1547559.78073724,1476,16.64574000,948560.53366883,0
2021-03-11 21:36:59.999,1615516560000,57024.81000000,57029.20000000,56972.37000000,57014.07000000,30.38977500,1615516619999,1732110.14281317,872,15.56327900,887054.34485316,0
2021-03-11 21:37:59.999,1615516620000,57014.08000000,57024.19000000,56938.38000000,56976.96000000,16.20062300,1615516679999,923104.86900031,948,8.44351900,481107.83794582,0
2021-03-11 21:38:59.999,1615516680000,56976.96000000,57038.16000000,56976.96000000,56996.00000000,21.15357100,1615516739999,1205849.51464605,910,11.91885800,679402.72055556,0
2021-03-11 21:39:59.999,1615516740000,56996.01000000,57033.71000000,56984.18000000,56991.95000000,21.67518400,1615516799999,1235698.75804638,1265,9.12943900,520456.78711583,0
2021-03-11 21:40:59.999,1615516800000,56991.95000000,56991.95000000,56907.84000000,56960.51000000,34.32068600,1615516859999,1954783.46057056,1109,14.72215000,838483.07348819,0
2021-03-11 21:41:59.999,1615516860000,56960.52000000,57027.90000000,56960.51000000,57018.30000000,22.67714000,1615516919999,1292830.66424284,1139,11.30722000,644600.74801227,0
2021-03-11 21:42:59.999,1615516920000,57018.30000000,57036.74000000,56953.86000000,56953.87000000,30.89882900,1615516979999,1761200.85659543,1030,16.45699200,938060.50822916,0
2021-03-11 21:43:59.999,1615516980000,56953.87000000,56994.70000000,56900.00000000,56900.01000000,23.31939000,1615517039999,1327980.37273487,1162,12.12851800,690650.54477656,0
2021-03-11 21:44:59.999,1615517040000,56905.39000000,56978.47000000,56867.64000000,56912.94000000,31.71949100,1615517099999,1805305.53414821,1440,12.26451200,698004.40109991,0
2021-03-11 21:45:59.999,1615517100000,56912.95000000,56928.74000000,56800.00000000,56850.38000000,35.25180400,1615517159999,2004271.57223702,1408,12.71004900,722585.49683632,0
2021-03-11 21:46:59.999,1615517160000,56850.38000000,56911.81000000,56850.38000000,56894.11000000,24.97197900,1615517219999,1420500.70494778,1023,12.85960700,731525.87954533,0
2021-03-11 21:47:59.999,1615517220000,56894.11000000,56979.06000000,56894.11000000,56958.44000000,27.89016000,1615517279999,1588298.44208301,1579,11.15237500,635076.27909024,0
2021-03-11 21:48:59.999,1615517280000,56958.45000000,57029.68000000,56958.44000000,57024.03000000,25.33794200,1615517339999,1444154.63220276,1026,13.67228400,779262.31418507,0
2021-03-11 21:49:59.999,1615517340000,57024.04000000,57100.13000000,57024.04000000,57080.00000000,47.18148300,1615517399999,2692198.38641070,1552,23.85452300,1361211.27968618,0
2021-03-11 21:50:59.999,1615517400000,57080.01000000,57088.08000000,57020.00000000,57072.66000000,25.80299000,1615517459999,1472365.30493347,1077,10.49221300,598665.69160405,0
2021-03-11 21:51:59.999,1615517460000,57072.66000000,57120.67000000,57050.00000000,57092.59000000,45.93111600,1615517519999,2621816.03260076,1327,25.73248800,1468888.97978051,0
2021-03-11 21:52:59.999,1615517520000,57092.59000000,57097.88000000,57044.39000000,57058.09000000,21.39495100,1615517579999,1220941.78800591,902,11.61014100,662538.22907297,0
2021-03-11 21:53:59.999,1615517580000,57058.09000000,57075.00000000,57015.07000000,57058.86000000,24.54537300,1615517639999,1400338.13518396,1290,10.80062300,616223.53523194,0
2021-03-11 21:54:59.999,1615517640000,57056.28000000,57066.29000000,57000.01000000,57021.95000000,15.69567300,1615517699999,895312.69644727,836,6.94549500,396196.72410512,0
2021-03-11 21:55:59.999,1615517700000,57021.95000000,57057.33000000,56981.76000000,56982.72000000,15.14893600,1615517759999,863785.11097523,1144,8.08969500,461268.82922726,0
2021-03-11 21:56:59.999,1615517760000,56982.72000000,57033.00000000,56953.95000000,56982.86000000,20.64463200,1615517819999,1176772.67891739,1036,10.56467100,602174.44134907,0
2021-03-11 21:57:59.999,1615517820000,56982.86000000,57011.18000000,56960.09000000,57007.96000000,16.70634400,1615517879999,952001.54464470,862,9.51471300,542168.89427173,0
